                                  30, 3, 26

                                 F, 1, 2, 94

                                 F, 1, 3, 0

                                 F, 1, 4, 0

                                 F, 1, 5, 0

                                 F, 1, 6, 3

                                 E, 1, 7, 99

                                 F, 1, 7, 0

                                 F, 1, 8, 2

                                 F, 1, 9, 0

                                 F, 1, 10, 0

                                E, 1, 11, 92

                                 F, 1, 11, 0

                                 E, 1, 12, 2

                                 F, 1, 12, 0

                                F, 1, 13, 91

                                 E, 1, 14, 2

                                 F, 1, 14, 0

                                 F, 1, 15, 3

                                 F, 1, 16, 2

                                 F, 1, 17, 0

                                 F, 1, 18, 0

                                 F, 1, 19, 0

                                 F, 1, 20, 2

                                 F, 1, 21, 0

                                 F, 1, 22, 5

                                 F, 1, 23, 0

                                 F, 1, 24, 0

                                 F, 1, 25, 3

                                 F, 1, 26, 4

                                 F, 1, 27, 0

                                E, 1, 28, 95

                                 F, 1, 28, 0

                                 F, 1, 29, 4

                                 F, 1, 30, 0

                                 F, 2, 1, 5

                                 F, 2, 3, 0

                                 F, 2, 4, 2

                                 F, 2, 5, 93

                                 E, 2, 6, 96

                                 F, 2, 6, 90

                                 F, 2, 7, 0

                                 F, 2, 8, 2

                                 F, 2, 9, 0

                                 F, 2, 10, 0

                                 F, 2, 11, 0

                                 F, 2, 12, 0

                                 F, 2, 13, 4

                                 F, 2, 14, 0

                                 F, 2, 15, 0

                                 F, 2, 16, 0

                                 F, 2, 17, 0

                                 F, 2, 18, 2

                                E, 2, 19, 96

                                F, 2, 19, 90

                                 F, 2, 20, 0

                                F, 2, 21, 94

                                 F, 2, 22, 0

                                 F, 2, 23, 0

                                 F, 2, 24, 0

                                 F, 2, 25, 0

                                E, 2, 26, 94

                                 F, 2, 26, 0

                                F, 2, 27, 90

                                F, 2, 28, 91

                                F, 2, 29, 94

                                 F, 2, 30, 0

                                 F, 3, 1, 4

                                 F, 3, 2, 3

                                 E, 3, 4, 96

                                 F, 3, 4, 90

                                 F, 3, 5, 0

                                 F, 3, 6, 0

                                 F, 3, 7, 2

                                 F, 3, 8, 0

                                 F, 3, 9, 0

                                 F, 3, 10, 0

                                 F, 3, 11, 0

                                 F, 3, 12, 2

                                 F, 3, 13, 0

                                 F, 3, 14, 0

                                 F, 3, 15, 0

                                 F, 3, 16, 0

                                 F, 3, 17, 3

                                 F, 3, 18, 2

                                 F, 3, 19, 0

                                 F, 3, 20, 0

                                 F, 3, 21, 0

                                 F, 3, 22, 0

                                 F, 3, 23, 0

                                 F, 3, 24, 0

                                F, 3, 25, 90

                                F, 3, 26, 95

                                 F, 3, 27, 0

                                 F, 3, 28, 0

                                 F, 3, 29, 4

                                 F, 3, 30, 5

                                 F, 4, 1, 5

                                 F, 4, 2, 0

                                 F, 4, 3, 99

                                 F, 4, 5, 0

                                 F, 4, 6, 2

                                 F, 4, 7, 0

                                 F, 4, 8, 0

                                 F, 4, 9, 99

                                 F, 4, 10, 0

                                 F, 4, 11, 0

                                 F, 4, 12, 0

                                 F, 4, 13, 0

                                F, 4, 14, 94

                                 F, 4, 15, 0

                                 E, 4, 16, 3

                                 F, 4, 16, 0

                                E, 4, 17, 96

                                F, 4, 17, 93

                                 F, 4, 18, 0

                                 F, 4, 19, 0

                                 F, 4, 20, 0

                                 F, 4, 21, 0

                                 F, 4, 22, 5

                                 F, 4, 23, 0

                                E, 4, 24, 96

                                 F, 4, 24, 0

                                 F, 4, 25, 0

                                E, 4, 26, 91

                                 F, 4, 26, 0

                                 F, 4, 27, 0

                                 F, 4, 28, 0

                                 F, 4, 29, 3

                                 F, 4, 30, 0

                                 F, 5, 1, 0

                                 E, 5, 2, 91

                                 F, 5, 2, 0

                                 F, 5, 3, 96

                                 F, 5, 4, 91

                                 F, 5, 6, 0

                                 E, 5, 7, 99

                                 F, 5, 7, 0

                                 F, 5, 8, 0

                                 F, 5, 9, 98

                                F, 5, 10, 97

                                 F, 5, 11, 0

                                F, 5, 12, 92

                                 F, 5, 13, 5

                                 F, 5, 14, 0

                                E, 5, 15, 95

                                 F, 5, 15, 0

                                E, 5, 16, 95

                                 F, 5, 16, 0

                                 F, 5, 17, 0

                                F, 5, 18, 94

                                 F, 5, 19, 0

                                 F, 5, 20, 0

                                 F, 5, 21, 0

                                 F, 5, 22, 0

                                 F, 5, 23, 0

                                F, 5, 24, 94

                                 F, 5, 25, 4

                                 F, 5, 26, 0

                                 F, 5, 27, 0

                                 E, 5, 28, 4

                                 F, 5, 28, 0

                                 F, 5, 29, 3

                                E, 5, 30, 99

                                 F, 5, 30, 0

                                 F, 6, 1, 5

                                 F, 6, 2, 0

                                 F, 6, 3, 0

                                 F, 6, 4, 0

                                 F, 6, 5, 95

                                 F, 6, 7, 99

                                 F, 6, 8, 3

                                 F, 6, 9, 0

                                F, 6, 10, 97

                                 F, 6, 11, 0

                                 F, 6, 12, 0

                                 F, 6, 13, 0

                                F, 6, 14, 95

                                 F, 6, 15, 0

                                 F, 6, 16, 0

                                F, 6, 17, 96

                                 F, 6, 18, 0

                                 F, 6, 19, 0

                                 F, 6, 20, 3

                                 F, 6, 21, 4

                                 E, 6, 22, 4

                                 F, 6, 22, 0

                                 F, 6, 23, 0

                                 E, 6, 24, 2

                                 F, 6, 24, 0

                                F, 6, 25, 93

                                 F, 6, 26, 0

                                E, 6, 27, 94

                                 F, 6, 27, 0

                                 F, 6, 28, 0

                                 F, 6, 29, 0

                                 F, 6, 30, 4

                                 F, 7, 1, 95

                                 F, 7, 2, 93

                                 F, 7, 3, 0

                                 F, 7, 4, 91

                                 F, 7, 5, 0

                                 F, 7, 6, 95

                                 F, 7, 8, 98

                                 F, 7, 9, 0

                                 E, 7, 10, 5

                                 F, 7, 10, 2

                                F, 7, 11, 92

                                 F, 7, 12, 0

                                 F, 7, 13, 0

                                 F, 7, 14, 0

                                 F, 7, 15, 0

                                 F, 7, 16, 0

                                 F, 7, 17, 0

                                 F, 7, 18, 2

                                 F, 7, 19, 0

                                 F, 7, 20, 0

                                 F, 7, 21, 0

                                 F, 7, 22, 0

                                 F, 7, 23, 4

                                 F, 7, 24, 0

                                F, 7, 25, 99

                                 F, 7, 26, 0

                                 F, 7, 27, 0

                                 F, 7, 28, 0

                                 F, 7, 29, 0

                                 F, 7, 30, 0

                                 E, 8, 1, 4

                                 F, 8, 1, 0

                                 F, 8, 2, 0

                                 F, 8, 3, 0

                                 E, 8, 4, 96

                                 F, 8, 4, 0

                                 F, 8, 5, 3

                                 F, 8, 6, 0

                                 F, 8, 7, 0

                                 F, 8, 9, 92

                                E, 8, 10, 90

                                 F, 8, 10, 0

                                 F, 8, 11, 0

                                 F, 8, 12, 0

                                 F, 8, 13, 0

                                E, 8, 14, 99

                                 F, 8, 14, 4

                                 F, 8, 15, 0

                                 F, 8, 16, 3

                                 F, 8, 17, 0

                                 F, 8, 18, 3

                                 F, 8, 19, 0

                                 F, 8, 20, 0

                                 F, 8, 21, 0

                                 F, 8, 22, 0

                                 F, 8, 23, 4

                                F, 8, 24, 98

                                 F, 8, 25, 0

                                 F, 8, 26, 0

                                 F, 8, 27, 0

                                 F, 8, 28, 0

                                 F, 8, 29, 4

                                 F, 8, 30, 5

                                 F, 9, 1, 0

                                 F, 9, 2, 5

                                 F, 9, 3, 92

                                 F, 9, 4, 95

                                 F, 9, 5, 0

                                 F, 9, 6, 0

                                 F, 9, 7, 4

                                 F, 9, 8, 0

                                 F, 9, 10, 0

                                F, 9, 11, 93

                                E, 9, 12, 94

                                F, 9, 12, 99

                                 F, 9, 13, 0

                                 F, 9, 14, 0

                                 F, 9, 15, 0

                                 F, 9, 16, 0

                                 F, 9, 17, 0

                                F, 9, 18, 90

                                 F, 9, 19, 0

                                 F, 9, 20, 2

                                 F, 9, 21, 5

                                E, 9, 22, 94

                                 F, 9, 22, 0

                                 F, 9, 23, 0

                                 F, 9, 24, 3

                                F, 9, 25, 96

                                F, 9, 26, 97

                                 F, 9, 27, 0

                                 F, 9, 28, 4

                                 F, 9, 29, 5

                                 F, 9, 30, 0

                                 F, 10, 1, 4

                                F, 10, 2, 95

                                 E, 10, 3, 3

                                 F, 10, 3, 0

                                 F, 10, 4, 0

                                 F, 10, 5, 0

                                 F, 10, 6, 0

                                 F, 10, 7, 0

                                 E, 10, 8, 2

                                F, 10, 8, 93

                                F, 10, 9, 93

                                F, 10, 11, 0

                                E, 10, 12, 90

                                F, 10, 12, 0

                                F, 10, 13, 0

                                F, 10, 14, 0

                                F, 10, 15, 5

                                F, 10, 16, 0

                                E, 10, 17, 97

                                F, 10, 17, 0

                                F, 10, 18, 95

                                F, 10, 19, 0

                                F, 10, 20, 0

                                F, 10, 21, 2

                                F, 10, 22, 0

                                F, 10, 23, 0

                                F, 10, 24, 0

                                E, 10, 25, 97

                                F, 10, 25, 0

                                F, 10, 26, 0

                                F, 10, 27, 0

                                F, 10, 28, 0

                                F, 10, 29, 0

                                F, 10, 30, 0

                                F, 11, 1, 92

                                F, 11, 2, 97

                                 F, 11, 3, 3

                                 F, 11, 4, 2

                                 F, 11, 5, 2

                                E, 11, 6, 91

                                F, 11, 6, 95

                                E, 11, 7, 91

                                 F, 11, 7, 3

                                 F, 11, 8, 2

                                 F, 11, 9, 0

                                F, 11, 10, 0

                                F, 11, 12, 0

                                E, 11, 13, 90

                                F, 11, 13, 0

                                F, 11, 14, 0

                                E, 11, 15, 93

                                F, 11, 15, 0

                                F, 11, 16, 0

                                F, 11, 17, 0

                                F, 11, 18, 0

                                F, 11, 19, 0

                                F, 11, 20, 0

                                F, 11, 21, 0

                                F, 11, 22, 0

                                F, 11, 23, 90

                                E, 11, 24, 4

                                F, 11, 24, 4

                                F, 11, 25, 3

                                E, 11, 26, 91

                                F, 11, 26, 0

                                F, 11, 27, 0

                                F, 11, 28, 0

                                F, 11, 29, 0

                                F, 11, 30, 5

                                 F, 12, 1, 0

                                 F, 12, 2, 2

                                 F, 12, 3, 0

                                 F, 12, 4, 0

                                F, 12, 5, 98

                                 F, 12, 6, 0

                                 F, 12, 7, 2

                                 F, 12, 8, 0

                                 F, 12, 9, 0

                                F, 12, 10, 4

                                E, 12, 11, 3

                                F, 12, 11, 0

                                F, 12, 13, 95

                                F, 12, 14, 95

                                F, 12, 15, 3

                                F, 12, 16, 0

                                F, 12, 17, 0

                                E, 12, 18, 96

                                F, 12, 18, 0

                                F, 12, 19, 0

                                F, 12, 20, 91

                                F, 12, 21, 0

                                F, 12, 22, 97

                                E, 12, 23, 2

                                F, 12, 23, 0

                                F, 12, 24, 3

                                F, 12, 25, 3

                                E, 12, 26, 4

                                F, 12, 26, 0

                                F, 12, 27, 97

                                F, 12, 28, 0

                                F, 12, 29, 0

                                F, 12, 30, 0

                                 E, 13, 1, 3

                                F, 13, 1, 90

                                 F, 13, 2, 5

                                 F, 13, 3, 0

                                F, 13, 4, 95

                                 F, 13, 5, 3

                                 F, 13, 6, 0

                                 F, 13, 7, 0

                                 F, 13, 8, 3

                                 F, 13, 9, 5

                                F, 13, 10, 0

                                F, 13, 11, 0

                                F, 13, 12, 3

                                F, 13, 14, 2

                                F, 13, 15, 0

                                F, 13, 16, 0

                                E, 13, 17, 94

                                F, 13, 17, 0

                                F, 13, 18, 0

                                F, 13, 19, 0

                                F, 13, 20, 0

                                F, 13, 21, 96

                                F, 13, 22, 5

                                F, 13, 23, 5

                                F, 13, 24, 0

                                F, 13, 25, 2

                                F, 13, 26, 0

                                F, 13, 27, 0

                                F, 13, 28, 0

                                F, 13, 29, 0

                                F, 13, 30, 0

                                 F, 14, 1, 5

                                 F, 14, 2, 0

                                 F, 14, 3, 3

                                 F, 14, 4, 0

                                 F, 14, 5, 4

                                 F, 14, 6, 0

                                 F, 14, 7, 0

                                 F, 14, 8, 0

                                 F, 14, 9, 0

                                F, 14, 10, 91

                                F, 14, 11, 0

                                E, 14, 12, 95

                                F, 14, 12, 4

                                F, 14, 13, 97

                                F, 14, 15, 0

                                E, 14, 16, 96

                                F, 14, 16, 0

                                F, 14, 17, 4

                                F, 14, 18, 0

                                F, 14, 19, 0

                                F, 14, 20, 0

                                F, 14, 21, 94

                                F, 14, 22, 4

                                F, 14, 23, 0

                                F, 14, 24, 0

                                F, 14, 25, 0

                                F, 14, 26, 0

                                F, 14, 27, 5

                                F, 14, 28, 4

                                F, 14, 29, 99

                                F, 14, 30, 5

                                 F, 15, 1, 0

                                 F, 15, 2, 3

                                 F, 15, 3, 0

                                 F, 15, 4, 3

                                 F, 15, 5, 0

                                F, 15, 6, 96

                                 F, 15, 7, 0

                                 F, 15, 8, 0

                                 F, 15, 9, 0

                                E, 15, 10, 95

                                F, 15, 10, 4

                                E, 15, 11, 99

                                F, 15, 11, 0

                                E, 15, 12, 98

                                F, 15, 12, 0

                                F, 15, 13, 4

                                F, 15, 14, 0

                                F, 15, 16, 0

                                F, 15, 17, 4

                                F, 15, 18, 97

                                F, 15, 19, 0

                                F, 15, 20, 0

                                F, 15, 21, 95

                                E, 15, 22, 97

                                F, 15, 22, 0

                                F, 15, 23, 96

                                F, 15, 24, 2

                                E, 15, 25, 92

                                F, 15, 25, 98

                                F, 15, 26, 0

                                F, 15, 27, 5

                                F, 15, 28, 0

                                F, 15, 29, 2

                                F, 15, 30, 2

                                 F, 16, 1, 0

                                 F, 16, 2, 0

                                 F, 16, 3, 3

                                 F, 16, 4, 0

                                 F, 16, 5, 0

                                 F, 16, 6, 0

                                 F, 16, 7, 0

                                 F, 16, 8, 0

                                 F, 16, 9, 2

                                F, 16, 10, 0

                                F, 16, 11, 0

                                F, 16, 12, 0

                                F, 16, 13, 4

                                F, 16, 14, 0

                                F, 16, 15, 99

                                F, 16, 17, 0

                                F, 16, 18, 0

                                F, 16, 19, 0

                                F, 16, 20, 0

                                E, 16, 21, 2

                                F, 16, 21, 0

                                E, 16, 22, 93

                                F, 16, 22, 90

                                E, 16, 23, 96

                                F, 16, 23, 0

                                F, 16, 24, 5

                                E, 16, 25, 94

                                F, 16, 25, 3

                                F, 16, 26, 0

                                E, 16, 27, 90

                                F, 16, 27, 3

                                F, 16, 28, 0

                                F, 16, 29, 95

                                F, 16, 30, 0

                                 F, 17, 1, 4

                                 F, 17, 2, 0

                                 F, 17, 3, 0

                                F, 17, 4, 95

                                F, 17, 5, 90

                                F, 17, 6, 93

                                 F, 17, 7, 5

                                 F, 17, 8, 0

                                 F, 17, 9, 0

                                F, 17, 10, 93

                                E, 17, 11, 5

                                F, 17, 11, 0

                                F, 17, 12, 0

                                F, 17, 13, 94

                                F, 17, 14, 0

                                F, 17, 15, 0

                                F, 17, 16, 0

                                F, 17, 18, 0

                                F, 17, 19, 0

                                F, 17, 20, 2

                                F, 17, 21, 0

                                F, 17, 22, 0

                                F, 17, 23, 0

                                F, 17, 24, 0

                                F, 17, 25, 2

                                F, 17, 26, 2

                                E, 17, 27, 99

                                F, 17, 27, 0

                                F, 17, 28, 0

                                F, 17, 29, 99

                                F, 17, 30, 0

                                 F, 18, 1, 0

                                 F, 18, 2, 2

                                 F, 18, 3, 5

                                 F, 18, 4, 0

                                 F, 18, 5, 3

                                 F, 18, 6, 5

                                 F, 18, 7, 0

                                 F, 18, 8, 0

                                 F, 18, 9, 0

                                F, 18, 10, 0

                                F, 18, 11, 0

                                F, 18, 12, 0

                                F, 18, 13, 0

                                F, 18, 14, 0

                                F, 18, 15, 0

                                E, 18, 16, 90

                                F, 18, 16, 3

                                F, 18, 17, 0

                                F, 18, 19, 92

                                F, 18, 20, 0

                                F, 18, 21, 90

                                F, 18, 22, 2

                                F, 18, 23, 0

                                F, 18, 24, 0

                                E, 18, 25, 92

                                F, 18, 25, 94

                                F, 18, 26, 92

                                F, 18, 27, 3

                                E, 18, 28, 96

                                F, 18, 28, 5

                                F, 18, 29, 0

                                F, 18, 30, 4

                                 F, 19, 1, 0

                                 F, 19, 2, 0

                                F, 19, 3, 91

                                 F, 19, 4, 0

                                 F, 19, 5, 0

                                 F, 19, 6, 0

                                 F, 19, 7, 0

                                 F, 19, 8, 0

                                 E, 19, 9, 4

                                 F, 19, 9, 0

                                F, 19, 10, 0

                                E, 19, 11, 3

                                F, 19, 11, 0

                                F, 19, 12, 0

                                F, 19, 13, 0

                                F, 19, 14, 4

                                F, 19, 15, 3

                                F, 19, 16, 4

                                F, 19, 17, 91

                                E, 19, 18, 96

                                F, 19, 18, 96

                                E, 19, 20, 5

                                F, 19, 20, 0

                                F, 19, 21, 0

                                E, 19, 22, 96

                                F, 19, 22, 0

                                F, 19, 23, 0

                                F, 19, 24, 0

                                F, 19, 25, 0

                                F, 19, 26, 4

                                F, 19, 27, 0

                                F, 19, 28, 0

                                F, 19, 29, 0

                                E, 19, 30, 5

                                F, 19, 30, 4

                                 F, 20, 1, 0

                                 F, 20, 2, 0

                                 E, 20, 3, 4

                                F, 20, 3, 91

                                F, 20, 4, 98

                                F, 20, 5, 94

                                 E, 20, 6, 5

                                 F, 20, 6, 0

                                 F, 20, 7, 0

                                 F, 20, 8, 0

                                 F, 20, 9, 2

                                F, 20, 10, 92

                                F, 20, 11, 0

                                F, 20, 12, 0

                                F, 20, 13, 92

                                F, 20, 14, 0

                                F, 20, 15, 0

                                F, 20, 16, 3

                                F, 20, 17, 2

                                F, 20, 18, 4

                                F, 20, 19, 0

                                F, 20, 21, 0

                                F, 20, 22, 0

                                F, 20, 23, 95

                                F, 20, 24, 0

                                F, 20, 25, 0

                                F, 20, 26, 95

                                F, 20, 27, 0

                                F, 20, 28, 0

                                E, 20, 29, 94

                                F, 20, 29, 5

                                F, 20, 30, 94

                                 F, 21, 1, 0

                                 F, 21, 2, 0

                                 F, 21, 3, 0

                                F, 21, 4, 95

                                 F, 21, 5, 4

                                 F, 21, 6, 0

                                 F, 21, 7, 0

                                 F, 21, 8, 2

                                 F, 21, 9, 4

                                F, 21, 10, 0

                                F, 21, 11, 0

                                F, 21, 12, 0

                                F, 21, 13, 0

                                F, 21, 14, 4

                                F, 21, 15, 0

                                F, 21, 16, 99

                                E, 21, 17, 3

                                F, 21, 17, 93

                                F, 21, 18, 0

                                F, 21, 19, 0

                                F, 21, 20, 0

                                F, 21, 22, 5

                                F, 21, 23, 91

                                F, 21, 24, 0

                                F, 21, 25, 0

                                E, 21, 26, 93

                                F, 21, 26, 0

                                F, 21, 27, 0

                                F, 21, 28, 0

                                F, 21, 29, 0

                                E, 21, 30, 96

                                F, 21, 30, 0

                                 F, 22, 1, 4

                                 F, 22, 2, 0

                                 F, 22, 3, 4

                                 F, 22, 4, 0

                                E, 22, 5, 97

                                 F, 22, 5, 0

                                 F, 22, 6, 0

                                 F, 22, 7, 0

                                F, 22, 8, 92

                                 F, 22, 9, 0

                                F, 22, 10, 0

                                F, 22, 11, 0

                                F, 22, 12, 90

                                F, 22, 13, 2

                                F, 22, 14, 0

                                F, 22, 15, 0

                                F, 22, 16, 0

                                F, 22, 17, 0

                                F, 22, 18, 94

                                F, 22, 19, 92

                                F, 22, 20, 0

                                F, 22, 21, 4

                                F, 22, 23, 0

                                F, 22, 24, 3

                                F, 22, 25, 0

                                F, 22, 26, 91

                                E, 22, 27, 96

                                F, 22, 27, 0

                                F, 22, 28, 0

                                F, 22, 29, 0

                                F, 22, 30, 0

                                 F, 23, 1, 0

                                 F, 23, 2, 0

                                 F, 23, 3, 4

                                F, 23, 4, 91

                                 F, 23, 5, 0

                                F, 23, 6, 98

                                 F, 23, 7, 0

                                 F, 23, 8, 0

                                 F, 23, 9, 0

                                F, 23, 10, 95

                                F, 23, 11, 3

                                F, 23, 12, 94

                                F, 23, 13, 5

                                F, 23, 14, 2

                                F, 23, 15, 0

                                F, 23, 16, 0

                                E, 23, 17, 5

                                F, 23, 17, 0

                                F, 23, 18, 0

                                F, 23, 19, 0

                                F, 23, 20, 95

                                F, 23, 21, 0

                                F, 23, 22, 2

                                F, 23, 24, 3

                                F, 23, 25, 0

                                F, 23, 26, 0

                                F, 23, 27, 93

                                F, 23, 28, 0

                                F, 23, 29, 0

                                F, 23, 30, 0

                                 F, 24, 1, 3

                                 F, 24, 2, 0

                                 F, 24, 3, 0

                                 F, 24, 4, 0

                                F, 24, 5, 92

                                 F, 24, 6, 0

                                F, 24, 7, 93

                                 F, 24, 8, 5

                                 F, 24, 9, 0

                                E, 24, 10, 3

                                F, 24, 10, 0

                                F, 24, 11, 0

                                E, 24, 12, 4

                                F, 24, 12, 0

                                F, 24, 13, 0

                                F, 24, 14, 0

                                F, 24, 15, 4

                                F, 24, 16, 0

                                F, 24, 17, 0

                                F, 24, 18, 99

                                F, 24, 19, 5

                                F, 24, 20, 0

                                F, 24, 21, 0

                                F, 24, 22, 0

                                E, 24, 23, 4

                                F, 24, 23, 0

                                E, 24, 25, 97

                                F, 24, 25, 5

                                F, 24, 26, 0

                                F, 24, 27, 0

                                E, 24, 28, 90

                                F, 24, 28, 92

                                F, 24, 29, 90

                                F, 24, 30, 0

                                 F, 25, 1, 0

                                F, 25, 2, 95

                                E, 25, 3, 98

                                 F, 25, 3, 0

                                 F, 25, 4, 0

                                 F, 25, 5, 0

                                E, 25, 6, 99

                                 F, 25, 6, 3

                                F, 25, 7, 98

                                E, 25, 8, 94

                                 F, 25, 8, 0

                                F, 25, 9, 99

                                F, 25, 10, 0

                                F, 25, 11, 4

                                F, 25, 12, 0

                                E, 25, 13, 94

                                F, 25, 13, 95

                                F, 25, 14, 0

                                E, 25, 15, 99

                                F, 25, 15, 0

                                F, 25, 16, 0

                                F, 25, 17, 3

                                F, 25, 18, 0

                                F, 25, 19, 4

                                E, 25, 20, 94

                                F, 25, 20, 0

                                F, 25, 21, 0

                                F, 25, 22, 0

                                F, 25, 23, 2

                                F, 25, 24, 0

                                F, 25, 26, 98

                                F, 25, 27, 3

                                F, 25, 28, 92

                                F, 25, 29, 0

                                F, 25, 30, 4

                                F, 26, 1, 94

                                E, 26, 2, 95

                                 F, 26, 2, 0

                                 F, 26, 3, 0

                                 F, 26, 4, 0

                                F, 26, 5, 92

                                F, 26, 6, 91

                                 F, 26, 7, 0

                                 F, 26, 8, 3

                                F, 26, 9, 97

                                F, 26, 10, 3

                                F, 26, 11, 0

                                F, 26, 12, 0

                                F, 26, 13, 0

                                F, 26, 14, 2

                                F, 26, 15, 0

                                F, 26, 16, 0

                                F, 26, 17, 93

                                F, 26, 18, 0

                                F, 26, 19, 92

                                E, 26, 20, 90

                                F, 26, 20, 0

                                E, 26, 21, 92

                                F, 26, 21, 92

                                F, 26, 22, 0

                                F, 26, 23, 0

                                F, 26, 24, 0

                                F, 26, 25, 0

                                F, 26, 27, 0

                                F, 26, 28, 3

                                F, 26, 29, 0

                                E, 26, 30, 94

                                F, 26, 30, 0

                                F, 27, 1, 93

                                 F, 27, 2, 0

                                 F, 27, 3, 0

                                 F, 27, 4, 0

                                F, 27, 5, 97

                                 F, 27, 6, 4

                                 F, 27, 7, 3

                                E, 27, 8, 92

                                 F, 27, 8, 0

                                 F, 27, 9, 2

                                E, 27, 10, 91

                                F, 27, 10, 91

                                E, 27, 11, 96

                                F, 27, 11, 97

                                F, 27, 12, 0

                                F, 27, 13, 0

                                F, 27, 14, 0

                                F, 27, 15, 0

                                F, 27, 16, 0

                                E, 27, 17, 97

                                F, 27, 17, 0

                                F, 27, 18, 3

                                E, 27, 19, 98

                                F, 27, 19, 0

                                F, 27, 20, 96

                                F, 27, 21, 0

                                F, 27, 22, 0

                                F, 27, 23, 96

                                F, 27, 24, 0

                                F, 27, 25, 0

                                E, 27, 26, 97

                                F, 27, 26, 0

                                F, 27, 28, 2

                                F, 27, 29, 0

                                F, 27, 30, 0

                                 F, 28, 1, 0

                                 F, 28, 2, 3

                                 F, 28, 3, 0

                                 F, 28, 4, 3

                                E, 28, 5, 91

                                 F, 28, 5, 3

                                 F, 28, 6, 0

                                 F, 28, 7, 4

                                 F, 28, 8, 0

                                 F, 28, 9, 0

                                E, 28, 10, 5

                                F, 28, 10, 0

                                F, 28, 11, 90

                                E, 28, 12, 4

                                F, 28, 12, 0

                                F, 28, 13, 2

                                E, 28, 14, 4

                                F, 28, 14, 3

                                F, 28, 15, 0

                                F, 28, 16, 0

                                F, 28, 17, 0

                                E, 28, 18, 4

                                F, 28, 18, 0

                                E, 28, 19, 98

                                F, 28, 19, 0

                                F, 28, 20, 0

                                F, 28, 21, 0

                                F, 28, 22, 0

                                F, 28, 23, 0

                                F, 28, 24, 0

                                F, 28, 25, 0

                                F, 28, 26, 95

                                F, 28, 27, 96

                                E, 28, 29, 99

                                F, 28, 29, 0

                                F, 28, 30, 0

                                 F, 29, 1, 0

                                 F, 29, 2, 5

                                E, 29, 3, 98

                                 F, 29, 3, 0

                                 E, 29, 4, 2

                                 F, 29, 4, 0

                                E, 29, 5, 91

                                F, 29, 5, 96

                                 F, 29, 6, 0

                                 F, 29, 7, 0

                                F, 29, 8, 98

                                 F, 29, 9, 4

                                F, 29, 10, 0

                                F, 29, 11, 2

                                F, 29, 12, 91

                                F, 29, 13, 0

                                E, 29, 14, 98

                                F, 29, 14, 95

                                E, 29, 15, 97

                                F, 29, 15, 91

                                F, 29, 16, 95

                                F, 29, 17, 0

                                F, 29, 18, 0

                                F, 29, 19, 4

                                E, 29, 20, 2

                                F, 29, 20, 99

                                F, 29, 21, 0

                                F, 29, 22, 2

                                F, 29, 23, 0

                                F, 29, 24, 0

                                F, 29, 25, 5

                                F, 29, 26, 2

                                F, 29, 27, 0

                                F, 29, 28, 0

                                F, 29, 30, 5

                                 F, 30, 1, 0

                                 F, 30, 2, 0

                                 F, 30, 3, 4

                                E, 30, 4, 92

                                 F, 30, 4, 0

                                 F, 30, 5, 0

                                E, 30, 6, 97

                                 F, 30, 6, 0

                                 F, 30, 7, 0

                                 F, 30, 8, 4

                                F, 30, 9, 95

                                F, 30, 10, 92

                                F, 30, 11, 0

                                F, 30, 12, 0

                                F, 30, 13, 0

                                F, 30, 14, 5

                                F, 30, 15, 4

                                F, 30, 16, 0

                                E, 30, 17, 99

                                F, 30, 17, 95

                                F, 30, 18, 0

                                F, 30, 19, 96

                                F, 30, 20, 0

                                F, 30, 21, 5

                                F, 30, 22, 0

                                F, 30, 23, 0

                                F, 30, 24, 92

                                F, 30, 25, 5

                                F, 30, 26, 2

                                F, 30, 27, 0

                                E, 30, 28, 95

                                F, 30, 28, 4

                                F, 30, 29, 0

