                                  10, 8, 3

                                 F, 1, 2, 5

                                 F, 1, 3, 0

                                 E, 1, 4, 93

                                 F, 1, 4, 3

                                 F, 1, 5, 2

                                 E, 1, 6, 10

                                 F, 1, 6, 9

                                 F, 1, 7, 6

                                 F, 1, 8, 3

                                 F, 1, 9, 3

                                 F, 1, 10, 1

                                 F, 2, 1, 0

                                 F, 2, 3, 3

                                 E, 2, 4, 98

                                 F, 2, 4, 9

                                 F, 2, 5, 4

                                 F, 2, 6, 4

                                 F, 2, 7, 98

                                 F, 2, 8, 0

                                 F, 2, 9, 8

                                 F, 2, 10, 0

                                 F, 3, 1, 3

                                 E, 3, 2, 94

                                 F, 3, 2, 6

                                 F, 3, 4, 8

                                 F, 3, 5, 7

                                 F, 3, 6, 2

                                 F, 3, 7, 4

                                 F, 3, 8, 0

                                 F, 3, 9, 3

                                 F, 3, 10, 5

                                 F, 4, 1, 4

                                 E, 4, 2, 7

                                 F, 4, 2, 1

                                 F, 4, 3, 3

                                 F, 4, 5, 3

                                 F, 4, 6, 7

                                 F, 4, 7, 9

                                 F, 4, 8, 98

                                 F, 4, 9, 9

                                 F, 4, 10, 9

                                 F, 5, 1, 2

                                 F, 5, 2, 7

                                 E, 5, 3, 90

                                 F, 5, 3, 8

                                 E, 5, 4, 94

                                 F, 5, 4, 5

                                 F, 5, 6, 0

                                 F, 5, 7, 1

                                 E, 5, 8, 95

                                 F, 5, 8, 5

                                 F, 5, 9, 2

                                 F, 5, 10, 9

                                 F, 6, 1, 3

                                 F, 6, 2, 5

                                 F, 6, 3, 0

                                 E, 6, 4, 91

                                 F, 6, 4, 2

                                 F, 6, 5, 10

                                 F, 6, 7, 6

                                 F, 6, 8, 3

                                 F, 6, 9, 5

                                 F, 6, 10, 7

                                 F, 7, 1, 8

                                 F, 7, 2, 95

                                 E, 7, 3, 90

                                 F, 7, 3, 10

                                 F, 7, 4, 0

                                 F, 7, 5, 2

                                 F, 7, 6, 10

                                 F, 7, 8, 4

                                 F, 7, 9, 7

                                 F, 7, 10, 9

                                 F, 8, 1, 10

                                 F, 8, 2, 5

                                 F, 8, 3, 8

                                 F, 8, 4, 5

                                 F, 8, 5, 0

                                 F, 8, 6, 6

                                 E, 8, 7, 98

                                 F, 8, 7, 0

                                 F, 8, 9, 4

                                 F, 8, 10, 3

                                 F, 9, 1, 2

                                 F, 9, 2, 9

                                 F, 9, 3, 2

                                 F, 9, 4, 1

                                 E, 9, 5, 99

                                 F, 9, 5, 0

                                 F, 9, 6, 4

                                 F, 9, 7, 2

                                 F, 9, 8, 3

                                 F, 9, 10, 0

                                 E, 10, 1, 2

                                 F, 10, 1, 7

                                E, 10, 2, 93

                                 F, 10, 2, 4

                                 F, 10, 3, 9

                                 F, 10, 4, 0

                                E, 10, 5, 93

                                 F, 10, 5, 8

                                 F, 10, 6, 0

                                E, 10, 7, 95

                                 F, 10, 7, 7

                                 F, 10, 8, 9

                                 F, 10, 9, 2

