                                  25, 4, 9

                                 F, 1, 2, 0

                                 F, 1, 3, 0

                                 F, 1, 4, 0

                                 E, 1, 5, 98

                                 F, 1, 5, 2

                                 F, 1, 6, 93

                                 F, 1, 7, 0

                                 F, 1, 8, 95

                                 F, 1, 9, 96

                                 F, 1, 10, 0

                                 F, 1, 11, 0

                                 F, 1, 12, 0

                                 F, 1, 13, 0

                                E, 1, 14, 93

                                 F, 1, 14, 0

                                F, 1, 15, 99

                                 F, 1, 16, 0

                                 F, 1, 17, 0

                                F, 1, 18, 90

                                 E, 1, 19, 3

                                 F, 1, 19, 0

                                F, 1, 20, 92

                                E, 1, 21, 90

                                F, 1, 21, 92

                                 F, 1, 22, 0

                                F, 1, 23, 90

                                F, 1, 24, 90

                                 F, 1, 25, 0

                                 F, 2, 1, 0

                                 F, 2, 3, 92

                                 F, 2, 4, 99

                                 E, 2, 5, 96

                                 F, 2, 5, 97

                                 F, 2, 6, 0

                                 F, 2, 7, 94

                                 F, 2, 8, 0

                                 F, 2, 9, 0

                                 F, 2, 10, 0

                                 F, 2, 11, 0

                                 F, 2, 12, 0

                                 F, 2, 13, 0

                                F, 2, 14, 92

                                 F, 2, 15, 4

                                F, 2, 16, 92

                                 F, 2, 17, 3

                                 F, 2, 18, 0

                                 F, 2, 19, 0

                                F, 2, 20, 99

                                 F, 2, 21, 0

                                 E, 2, 22, 3

                                 F, 2, 22, 0

                                E, 2, 23, 92

                                 F, 2, 23, 0

                                F, 2, 24, 96

                                F, 2, 25, 94

                                 E, 3, 1, 90

                                 F, 3, 1, 5

                                 F, 3, 2, 96

                                 F, 3, 4, 92

                                 E, 3, 5, 96

                                 F, 3, 5, 0

                                 F, 3, 6, 99

                                 F, 3, 7, 0

                                 F, 3, 8, 97

                                 E, 3, 9, 5

                                 F, 3, 9, 92

                                 F, 3, 10, 0

                                 F, 3, 11, 0

                                 E, 3, 12, 4

                                F, 3, 12, 91

                                F, 3, 13, 98

                                F, 3, 14, 94

                                 E, 3, 15, 5

                                 F, 3, 15, 0

                                 F, 3, 16, 0

                                E, 3, 17, 93

                                 F, 3, 17, 0

                                E, 3, 18, 92

                                F, 3, 18, 92

                                 F, 3, 19, 0

                                 F, 3, 20, 0

                                F, 3, 21, 92

                                 F, 3, 22, 0

                                 F, 3, 23, 0

                                F, 3, 24, 99

                                F, 3, 25, 92

                                 E, 4, 1, 92

                                 F, 4, 1, 91

                                 F, 4, 2, 0

                                 F, 4, 3, 0

                                 F, 4, 5, 95

                                 F, 4, 6, 0

                                 F, 4, 7, 0

                                 F, 4, 8, 95

                                 F, 4, 9, 0

                                 F, 4, 10, 0

                                E, 4, 11, 94

                                F, 4, 11, 93

                                F, 4, 12, 94

                                 F, 4, 13, 0

                                 F, 4, 14, 0

                                 F, 4, 15, 0

                                F, 4, 16, 95

                                F, 4, 17, 98

                                 F, 4, 18, 0

                                 F, 4, 19, 0

                                E, 4, 20, 91

                                 F, 4, 20, 0

                                F, 4, 21, 91

                                 F, 4, 22, 0

                                E, 4, 23, 92

                                 F, 4, 23, 0

                                F, 4, 24, 99

                                 F, 4, 25, 4

                                 F, 5, 1, 0

                                 F, 5, 2, 99

                                 E, 5, 3, 3

                                 F, 5, 3, 93

                                 F, 5, 4, 0

                                 F, 5, 6, 0

                                 F, 5, 7, 4

                                 F, 5, 8, 93

                                 F, 5, 9, 91

                                 F, 5, 10, 0

                                 F, 5, 11, 0

                                E, 5, 12, 93

                                 F, 5, 12, 0

                                 F, 5, 13, 0

                                 F, 5, 14, 0

                                 F, 5, 15, 0

                                E, 5, 16, 96

                                 F, 5, 16, 0

                                F, 5, 17, 92

                                 F, 5, 18, 0

                                F, 5, 19, 92

                                F, 5, 20, 96

                                 F, 5, 21, 0

                                 F, 5, 22, 0

                                 F, 5, 23, 0

                                F, 5, 24, 92

                                 F, 5, 25, 0

                                 F, 6, 1, 0

                                 F, 6, 2, 0

                                 F, 6, 3, 90

                                 E, 6, 4, 94

                                 F, 6, 4, 0

                                 F, 6, 5, 0

                                 F, 6, 7, 0

                                 E, 6, 8, 91

                                 F, 6, 8, 0

                                 F, 6, 9, 94

                                F, 6, 10, 92

                                 F, 6, 11, 0

                                F, 6, 12, 99

                                 F, 6, 13, 0

                                 F, 6, 14, 0

                                F, 6, 15, 99

                                 F, 6, 16, 0

                                F, 6, 17, 91

                                E, 6, 18, 96

                                 F, 6, 18, 0

                                 F, 6, 19, 0

                                 F, 6, 20, 0

                                 F, 6, 21, 0

                                 F, 6, 22, 0

                                 F, 6, 23, 0

                                F, 6, 24, 96

                                E, 6, 25, 99

                                F, 6, 25, 97

                                 F, 7, 1, 0

                                 F, 7, 2, 99

                                 F, 7, 3, 93

                                 F, 7, 4, 0

                                 F, 7, 5, 0

                                 F, 7, 6, 0

                                 F, 7, 8, 0

                                 F, 7, 9, 0

                                 F, 7, 10, 0

                                F, 7, 11, 90

                                 F, 7, 12, 0

                                 F, 7, 13, 0

                                 E, 7, 14, 5

                                 F, 7, 14, 0

                                 F, 7, 15, 0

                                 F, 7, 16, 0

                                F, 7, 17, 95

                                 F, 7, 18, 0

                                F, 7, 19, 94

                                F, 7, 20, 90

                                F, 7, 21, 91

                                 F, 7, 22, 0

                                 F, 7, 23, 0

                                F, 7, 24, 93

                                 F, 7, 25, 0

                                 F, 8, 1, 0

                                 F, 8, 2, 0

                                 E, 8, 3, 99

                                 F, 8, 3, 0

                                 F, 8, 4, 0

                                 F, 8, 5, 0

                                 F, 8, 6, 0

                                 F, 8, 7, 92

                                 F, 8, 9, 93

                                 F, 8, 10, 5

                                 F, 8, 11, 0

                                 E, 8, 12, 3

                                 F, 8, 12, 0

                                 F, 8, 13, 0

                                 E, 8, 14, 4

                                 F, 8, 14, 0

                                 F, 8, 15, 0

                                 F, 8, 16, 0

                                 F, 8, 17, 4

                                E, 8, 18, 99

                                 F, 8, 18, 0

                                 F, 8, 19, 0

                                F, 8, 20, 93

                                F, 8, 21, 90

                                 F, 8, 22, 0

                                E, 8, 23, 98

                                 F, 8, 23, 0

                                 F, 8, 24, 4

                                F, 8, 25, 94

                                 E, 9, 1, 97

                                 F, 9, 1, 93

                                 F, 9, 2, 0

                                 F, 9, 3, 0

                                 E, 9, 4, 90

                                 F, 9, 4, 92

                                 F, 9, 5, 90

                                 F, 9, 6, 0

                                 F, 9, 7, 0

                                 F, 9, 8, 95

                                 F, 9, 10, 0

                                 F, 9, 11, 0

                                E, 9, 12, 99

                                F, 9, 12, 95

                                F, 9, 13, 98

                                E, 9, 14, 94

                                 F, 9, 14, 0

                                F, 9, 15, 99

                                 F, 9, 16, 0

                                F, 9, 17, 96

                                 F, 9, 18, 0

                                E, 9, 19, 94

                                F, 9, 19, 95

                                 F, 9, 20, 0

                                E, 9, 21, 99

                                 F, 9, 21, 0

                                 F, 9, 22, 0

                                F, 9, 23, 95

                                 F, 9, 24, 0

                                F, 9, 25, 96

                                E, 10, 1, 94

                                 F, 10, 1, 0

                                 F, 10, 2, 0

                                 F, 10, 3, 0

                                F, 10, 4, 93

                                F, 10, 5, 93

                                E, 10, 6, 94

                                 F, 10, 6, 0

                                 F, 10, 7, 0

                                F, 10, 8, 93

                                F, 10, 9, 93

                                E, 10, 11, 94

                                F, 10, 11, 95

                                F, 10, 12, 0

                                F, 10, 13, 0

                                F, 10, 14, 91

                                F, 10, 15, 96

                                F, 10, 16, 0

                                F, 10, 17, 94

                                F, 10, 18, 94

                                F, 10, 19, 0

                                E, 10, 20, 94

                                F, 10, 20, 0

                                F, 10, 21, 0

                                F, 10, 22, 0

                                F, 10, 23, 0

                                F, 10, 24, 97

                                E, 10, 25, 92

                                F, 10, 25, 0

                                F, 11, 1, 93

                                 F, 11, 2, 0

                                F, 11, 3, 92

                                E, 11, 4, 90

                                 F, 11, 4, 0

                                E, 11, 5, 92

                                F, 11, 5, 92

                                 F, 11, 6, 0

                                 F, 11, 7, 0

                                 F, 11, 8, 0

                                 F, 11, 9, 0

                                E, 11, 10, 92

                                F, 11, 10, 0

                                F, 11, 12, 3

                                F, 11, 13, 0

                                E, 11, 14, 94

                                F, 11, 14, 0

                                F, 11, 15, 93

                                F, 11, 16, 0

                                F, 11, 17, 0

                                F, 11, 18, 0

                                F, 11, 19, 97

                                F, 11, 20, 92

                                F, 11, 21, 0

                                E, 11, 22, 92

                                F, 11, 22, 0

                                F, 11, 23, 98

                                E, 11, 24, 91

                                F, 11, 24, 91

                                E, 11, 25, 96

                                F, 11, 25, 97

                                E, 12, 1, 95

                                 F, 12, 1, 0

                                 F, 12, 2, 0

                                E, 12, 3, 99

                                F, 12, 3, 99

                                 F, 12, 4, 0

                                E, 12, 5, 97

                                 F, 12, 5, 0

                                 F, 12, 6, 3

                                E, 12, 7, 98

                                 F, 12, 7, 0

                                F, 12, 8, 96

                                 F, 12, 9, 0

                                F, 12, 10, 0

                                F, 12, 11, 96

                                F, 12, 13, 0

                                E, 12, 14, 97

                                F, 12, 14, 0

                                F, 12, 15, 0

                                F, 12, 16, 90

                                F, 12, 17, 95

                                F, 12, 18, 90

                                F, 12, 19, 95

                                F, 12, 20, 0

                                F, 12, 21, 91

                                E, 12, 22, 91

                                F, 12, 22, 95

                                F, 12, 23, 0

                                F, 12, 24, 90

                                F, 12, 25, 98

                                 F, 13, 1, 0

                                 F, 13, 2, 0

                                 F, 13, 3, 0

                                F, 13, 4, 94

                                E, 13, 5, 99

                                 F, 13, 5, 4

                                E, 13, 6, 99

                                 F, 13, 6, 0

                                F, 13, 7, 94

                                 F, 13, 8, 0

                                 F, 13, 9, 0

                                F, 13, 10, 98

                                F, 13, 11, 0

                                F, 13, 12, 0

                                F, 13, 14, 0

                                F, 13, 15, 0

                                F, 13, 16, 0

                                F, 13, 17, 0

                                F, 13, 18, 0

                                F, 13, 19, 0

                                F, 13, 20, 0

                                F, 13, 21, 99

                                F, 13, 22, 90

                                F, 13, 23, 96

                                F, 13, 24, 5

                                E, 13, 25, 98

                                F, 13, 25, 0

                                 E, 14, 1, 2

                                 F, 14, 1, 0

                                E, 14, 2, 91

                                F, 14, 2, 96

                                 F, 14, 3, 0

                                 F, 14, 4, 0

                                F, 14, 5, 98

                                F, 14, 6, 96

                                 F, 14, 7, 0

                                E, 14, 8, 91

                                 F, 14, 8, 2

                                F, 14, 9, 91

                                F, 14, 10, 0

                                E, 14, 11, 98

                                F, 14, 11, 95

                                E, 14, 12, 97

                                F, 14, 12, 91

                                F, 14, 13, 95

                                F, 14, 15, 0

                                F, 14, 16, 96

                                E, 14, 17, 2

                                F, 14, 17, 99

                                F, 14, 18, 0

                                F, 14, 19, 98

                                F, 14, 20, 0

                                F, 14, 21, 0

                                F, 14, 22, 99

                                F, 14, 23, 0

                                E, 14, 24, 97

                                F, 14, 24, 99

                                E, 14, 25, 98

                                F, 14, 25, 0

                                F, 15, 1, 97

                                 F, 15, 2, 0

                                 F, 15, 3, 0

                                F, 15, 4, 92

                                E, 15, 5, 90

                                 F, 15, 5, 0

                                F, 15, 6, 97

                                 F, 15, 7, 0

                                 F, 15, 8, 0

                                E, 15, 9, 96

                                 F, 15, 9, 0

                                F, 15, 10, 92

                                F, 15, 11, 99

                                F, 15, 12, 0

                                F, 15, 13, 90

                                F, 15, 14, 0

                                E, 15, 16, 94

                                F, 15, 16, 0

                                F, 15, 17, 95

                                F, 15, 18, 0

                                F, 15, 19, 96

                                F, 15, 20, 0

                                F, 15, 21, 94

                                E, 15, 22, 96

                                F, 15, 22, 0

                                F, 15, 23, 0

                                F, 15, 24, 0

                                E, 15, 25, 93

                                F, 15, 25, 0

                                E, 16, 1, 90

                                 F, 16, 1, 0

                                F, 16, 2, 95

                                E, 16, 3, 95

                                 F, 16, 3, 0

                                 F, 16, 4, 0

                                 F, 16, 5, 0

                                 F, 16, 6, 5

                                 F, 16, 7, 0

                                F, 16, 8, 96

                                 F, 16, 9, 0

                                F, 16, 10, 0

                                F, 16, 11, 0

                                E, 16, 12, 99

                                F, 16, 12, 0

                                E, 16, 13, 97

                                F, 16, 13, 95

                                F, 16, 14, 95

                                F, 16, 15, 92

                                F, 16, 17, 0

                                F, 16, 18, 91

                                F, 16, 19, 0

                                F, 16, 20, 93

                                F, 16, 21, 0

                                F, 16, 22, 96

                                F, 16, 23, 0

                                E, 16, 24, 5

                                F, 16, 24, 92

                                F, 16, 25, 0

                                F, 17, 1, 96

                                 F, 17, 2, 0

                                E, 17, 3, 91

                                F, 17, 3, 95

                                 E, 17, 4, 5

                                F, 17, 4, 94

                                F, 17, 5, 97

                                E, 17, 6, 96

                                 F, 17, 6, 0

                                E, 17, 7, 98

                                 F, 17, 7, 0

                                 F, 17, 8, 0

                                F, 17, 9, 98

                                F, 17, 10, 95

                                F, 17, 11, 0

                                F, 17, 12, 0

                                F, 17, 13, 0

                                E, 17, 14, 2

                                F, 17, 14, 0

                                F, 17, 15, 0

                                F, 17, 16, 0

                                F, 17, 18, 0

                                F, 17, 19, 95

                                F, 17, 20, 98

                                E, 17, 21, 91

                                F, 17, 21, 0

                                F, 17, 22, 90

                                F, 17, 23, 0

                                F, 17, 24, 91

                                F, 17, 25, 0

                                 F, 18, 1, 0

                                E, 18, 2, 91

                                 F, 18, 2, 0

                                 F, 18, 3, 0

                                 F, 18, 4, 0

                                 F, 18, 5, 0

                                E, 18, 6, 91

                                F, 18, 6, 97

                                 F, 18, 7, 0

                                 F, 18, 8, 3

                                 F, 18, 9, 0

                                F, 18, 10, 93

                                F, 18, 11, 91

                                F, 18, 12, 0

                                F, 18, 13, 0

                                F, 18, 14, 94

                                F, 18, 15, 0

                                F, 18, 16, 2

                                E, 18, 17, 5

                                F, 18, 17, 92

                                F, 18, 19, 0

                                F, 18, 20, 93

                                F, 18, 21, 90

                                E, 18, 22, 5

                                F, 18, 22, 0

                                E, 18, 23, 96

                                F, 18, 23, 96

                                F, 18, 24, 96

                                F, 18, 25, 96

                                 F, 19, 1, 0

                                F, 19, 2, 93

                                E, 19, 3, 94

                                F, 19, 3, 92

                                E, 19, 4, 95

                                 F, 19, 4, 0

                                 F, 19, 5, 0

                                E, 19, 6, 99

                                 F, 19, 6, 0

                                E, 19, 7, 92

                                F, 19, 7, 94

                                 F, 19, 8, 0

                                F, 19, 9, 99

                                E, 19, 10, 95

                                F, 19, 10, 96

                                F, 19, 11, 0

                                F, 19, 12, 0

                                F, 19, 13, 0

                                F, 19, 14, 95

                                E, 19, 15, 90

                                F, 19, 15, 0

                                E, 19, 16, 99

                                F, 19, 16, 99

                                E, 19, 17, 96

                                F, 19, 17, 0

                                F, 19, 18, 90

                                F, 19, 20, 98

                                E, 19, 21, 95

                                F, 19, 21, 0

                                F, 19, 22, 2

                                F, 19, 23, 96

                                F, 19, 24, 0

                                F, 19, 25, 98

                                F, 20, 1, 91

                                 F, 20, 2, 0

                                E, 20, 3, 93

                                 F, 20, 3, 0

                                F, 20, 4, 90

                                 F, 20, 5, 0

                                 F, 20, 6, 0

                                F, 20, 7, 90

                                 F, 20, 8, 0

                                 F, 20, 9, 0

                                E, 20, 10, 92

                                F, 20, 10, 0

                                F, 20, 11, 0

                                F, 20, 12, 91

                                F, 20, 13, 97

                                F, 20, 14, 98

                                E, 20, 15, 5

                                F, 20, 15, 0

                                F, 20, 16, 99

                                F, 20, 17, 97

                                E, 20, 18, 4

                                F, 20, 18, 0

                                E, 20, 19, 98

                                F, 20, 19, 97

                                F, 20, 21, 92

                                F, 20, 22, 0

                                F, 20, 23, 0

                                F, 20, 24, 0

                                E, 20, 25, 90

                                F, 20, 25, 0

                                 F, 21, 1, 0

                                 F, 21, 2, 0

                                E, 21, 3, 98

                                F, 21, 3, 94

                                F, 21, 4, 90

                                 F, 21, 5, 0

                                F, 21, 6, 99

                                F, 21, 7, 95

                                 F, 21, 8, 0

                                F, 21, 9, 94

                                F, 21, 10, 0

                                E, 21, 11, 5

                                F, 21, 11, 0

                                F, 21, 12, 0

                                E, 21, 13, 90

                                F, 21, 13, 0

                                F, 21, 14, 0

                                F, 21, 15, 96

                                F, 21, 16, 95

                                F, 21, 17, 0

                                F, 21, 18, 95

                                F, 21, 19, 0

                                F, 21, 20, 0

                                E, 21, 22, 93

                                F, 21, 22, 99

                                F, 21, 23, 0

                                F, 21, 24, 0

                                E, 21, 25, 92

                                F, 21, 25, 0

                                E, 22, 1, 95

                                 F, 22, 1, 0

                                 F, 22, 2, 0

                                F, 22, 3, 98

                                 F, 22, 4, 0

                                E, 22, 5, 90

                                 F, 22, 5, 0

                                 F, 22, 6, 0

                                 F, 22, 7, 0

                                 F, 22, 8, 0

                                 F, 22, 9, 0

                                F, 22, 10, 0

                                F, 22, 11, 97

                                F, 22, 12, 0

                                F, 22, 13, 0

                                E, 22, 14, 90

                                F, 22, 14, 0

                                F, 22, 15, 0

                                F, 22, 16, 0

                                F, 22, 17, 0

                                F, 22, 18, 97

                                E, 22, 19, 90

                                F, 22, 19, 0

                                F, 22, 20, 94

                                F, 22, 21, 0

                                F, 22, 23, 96

                                E, 22, 24, 92

                                F, 22, 24, 95

                                F, 22, 25, 0

                                F, 23, 1, 96

                                E, 23, 2, 95

                                 F, 23, 2, 0

                                 F, 23, 3, 0

                                E, 23, 4, 93

                                 F, 23, 4, 0

                                F, 23, 5, 90

                                 F, 23, 6, 0

                                F, 23, 7, 97

                                F, 23, 8, 96

                                 F, 23, 9, 0

                                F, 23, 10, 0

                                F, 23, 11, 94

                                F, 23, 12, 0

                                E, 23, 13, 94

                                F, 23, 13, 0

                                E, 23, 14, 97

                                F, 23, 14, 0

                                E, 23, 15, 97

                                F, 23, 15, 96

                                F, 23, 16, 0

                                F, 23, 17, 5

                                E, 23, 18, 5

                                F, 23, 18, 0

                                F, 23, 19, 0

                                F, 23, 20, 95

                                F, 23, 21, 0

                                F, 23, 22, 99

                                F, 23, 24, 0

                                F, 23, 25, 90

                                 F, 24, 1, 0

                                E, 24, 2, 99

                                F, 24, 2, 98

                                F, 24, 3, 91

                                F, 24, 4, 90

                                 F, 24, 5, 0

                                 F, 24, 6, 0

                                 F, 24, 7, 0

                                 F, 24, 8, 0

                                 F, 24, 9, 0

                                F, 24, 10, 97

                                E, 24, 11, 97

                                F, 24, 11, 92

                                F, 24, 12, 0

                                F, 24, 13, 93

                                F, 24, 14, 0

                                F, 24, 15, 0

                                F, 24, 16, 0

                                F, 24, 17, 96

                                F, 24, 18, 95

                                F, 24, 19, 0

                                E, 24, 20, 94

                                F, 24, 20, 0

                                F, 24, 21, 0

                                F, 24, 22, 0

                                F, 24, 23, 96

                                E, 24, 25, 2

                                F, 24, 25, 93

                                E, 25, 1, 97

                                 F, 25, 1, 0

                                F, 25, 2, 98

                                 F, 25, 3, 0

                                 F, 25, 4, 0

                                F, 25, 5, 90

                                 F, 25, 6, 0

                                 E, 25, 7, 5

                                 F, 25, 7, 0

                                F, 25, 8, 99

                                 F, 25, 9, 0

                                F, 25, 10, 94

                                E, 25, 11, 96

                                F, 25, 11, 98

                                E, 25, 12, 94

                                F, 25, 12, 92

                                F, 25, 13, 94

                                E, 25, 14, 3

                                F, 25, 14, 0

                                F, 25, 15, 0

                                F, 25, 16, 0

                                F, 25, 17, 0

                                F, 25, 18, 92

                                F, 25, 19, 0

                                E, 25, 20, 92

                                F, 25, 20, 95

                                F, 25, 21, 0

                                F, 25, 22, 90

                                F, 25, 23, 0

                                F, 25, 24, 0

