                                  10, 8, 4

                                 F, 1, 2, 14

                                 F, 1, 3, 0

                                 E, 1, 4, 93

                                 F, 1, 4, 12

                                 F, 1, 5, 11

                                 E, 1, 6, 19

                                 F, 1, 6, 18

                                 F, 1, 7, 15

                                 E, 1, 8, 96

                                 F, 1, 8, 12

                                 E, 1, 9, 92

                                 F, 1, 9, 19

                                F, 1, 10, 14

                                 F, 2, 1, 11

                                 F, 2, 3, 19

                                 F, 2, 4, 20

                                 E, 2, 5, 96

                                 F, 2, 5, 0

                                 F, 2, 6, 10

                                 F, 2, 7, 91

                                 E, 2, 8, 18

                                 F, 2, 8, 93

                                 E, 2, 9, 93

                                 F, 2, 9, 11

                                E, 2, 10, 91

                                F, 2, 10, 20

                                 E, 3, 1, 16

                                 F, 3, 1, 20

                                 F, 3, 2, 19

                                 F, 3, 4, 96

                                 F, 3, 5, 11

                                 F, 3, 6, 13

                                 F, 3, 7, 0

                                 F, 3, 8, 12

                                 F, 3, 9, 14

                                E, 3, 10, 99

                                F, 3, 10, 17

                                 F, 4, 1, 15

                                 F, 4, 2, 12

                                 F, 4, 3, 17

                                 F, 4, 5, 16

                                 F, 4, 6, 18

                                 E, 4, 7, 90

                                 F, 4, 7, 18

                                 F, 4, 8, 18

                                 E, 4, 9, 97

                                 F, 4, 9, 17

                                 F, 4, 10, 0

                                 E, 5, 1, 16

                                 F, 5, 1, 10

                                 E, 5, 2, 97

                                 F, 5, 2, 14

                                 E, 5, 3, 94

                                 F, 5, 3, 12

                                 F, 5, 4, 11

                                 F, 5, 6, 14

                                 F, 5, 7, 11

                                 F, 5, 8, 18

                                 E, 5, 9, 91

                                 F, 5, 9, 12

                                F, 5, 10, 14

                                 F, 6, 1, 0

                                 E, 6, 2, 91

                                 F, 6, 2, 11

                                 F, 6, 3, 19

                                 F, 6, 4, 94

                                 F, 6, 5, 15

                                 F, 6, 7, 14

                                 F, 6, 8, 20

                                 F, 6, 9, 17

                                F, 6, 10, 95

                                 E, 7, 1, 90

                                 F, 7, 1, 19

                                 F, 7, 2, 0

                                 E, 7, 3, 95

                                 F, 7, 3, 11

                                 F, 7, 4, 19

                                 E, 7, 5, 99

                                 F, 7, 5, 16

                                 F, 7, 6, 13

                                 E, 7, 8, 95

                                 F, 7, 8, 90

                                 F, 7, 9, 0

                                F, 7, 10, 14

                                 F, 8, 1, 17

                                 F, 8, 2, 14

                                 F, 8, 3, 0

                                 F, 8, 4, 15

                                 E, 8, 5, 98

                                 F, 8, 5, 0

                                 F, 8, 6, 15

                                 F, 8, 7, 13

                                 F, 8, 9, 20

                                 F, 8, 10, 0

                                 E, 9, 1, 98

                                 F, 9, 1, 16

                                 F, 9, 2, 17

                                 F, 9, 3, 13

                                 F, 9, 4, 0

                                 F, 9, 5, 13

                                 F, 9, 6, 20

                                 E, 9, 7, 93

                                 F, 9, 7, 12

                                 F, 9, 8, 14

                                E, 9, 10, 11

                                F, 9, 10, 20

                                F, 10, 1, 13

                                E, 10, 2, 93

                                F, 10, 2, 18

                                F, 10, 3, 96

                                F, 10, 4, 13

                                F, 10, 5, 14

                                F, 10, 6, 15

                                E, 10, 7, 96

                                F, 10, 7, 10

                                F, 10, 8, 11

                                F, 10, 9, 99

