-----------------------------------------------------------------------------
Hank Fridell
-----------------------------------------------------------------------------
Parsing file: CS404FS16SneakyPathInputN10b.txt
Elapsed Time: PT0.012S
-----------------------------------------------------------------------------
Original:
       0,      NA,      NA,      93,      NA,      19,      NA,      96,      92,      NA,
      NA,       0,      NA,      NA,      96,      NA,      NA,      18,      93,      91,
      16,      NA,       0,      NA,      NA,      NA,      NA,      NA,      NA,      99,
      NA,      NA,      NA,       0,      NA,      NA,      90,      NA,      97,      NA,
      16,      97,      94,      NA,       0,      NA,      NA,      NA,      91,      NA,
      NA,      91,      NA,      NA,      NA,       0,      NA,      NA,      NA,      NA,
      90,      NA,      95,      NA,      99,      NA,       0,      95,      NA,      NA,
      NA,      NA,      NA,      NA,      98,      NA,      NA,       0,      NA,      NA,
      98,      NA,      NA,      NA,      NA,      NA,      93,      NA,       0,      11,
      NA,      93,      NA,      NA,      NA,      NA,      96,      NA,      NA,       0,
Elapsed Time: PT0.008S
-----------------------------------------------------------------------------
All pairs shortest paths:
       0,     110,     278,      93,     194,      19,     183,      96,      92,     103,
     112,       0,     190,     205,      96,     131,     186,      18,      93,      91,
      16,     126,       0,     109,     210,      35,     195,     112,     108,      99,
     180,     201,     185,       0,     189,     199,      90,     185,      97,     108,
      16,      97,      94,     109,       0,      35,     184,     112,      91,     102,
     203,      91,     281,     296,     187,       0,     277,     109,     184,     182,
      90,     196,      95,     183,      99,     109,       0,      95,     182,     193,
     114,     195,     192,     207,      98,     133,     282,       0,     189,     200,
      98,     104,     188,     191,     192,     117,      93,     122,       0,      11,
     186,      93,     191,     279,     189,     205,      96,     111,     186,       0,
Elapsed Time: PT0.004S
-----------------------------------------------------------------------------
Actual shortest paths:
            [1],      [1, 6, 2],   [1, 4, 7, 3],         [1, 4],      [1, 8, 5],         [1, 6],      [1, 4, 7],         [1, 8],         [1, 9],     [1, 9, 10],
      [2, 5, 1],            [2],      [2, 5, 3],   [2, 5, 1, 4],         [2, 5],   [2, 5, 1, 6],      [2, 9, 7],         [2, 8],         [2, 9],        [2, 10],
         [3, 1],   [3, 1, 6, 2],            [3],      [3, 1, 4],   [3, 1, 8, 5],      [3, 1, 6],     [3, 10, 7],      [3, 1, 8],      [3, 1, 9],        [3, 10],
      [4, 7, 1],  [4, 9, 10, 2],      [4, 7, 3],            [4],      [4, 7, 5],   [4, 7, 1, 6],         [4, 7],      [4, 7, 8],         [4, 9],     [4, 9, 10],
         [5, 1],         [5, 2],         [5, 3],      [5, 1, 4],            [5],      [5, 1, 6],      [5, 9, 7],      [5, 1, 8],         [5, 9],     [5, 9, 10],
   [6, 2, 5, 1],         [6, 2],   [6, 2, 5, 3],[6, 2, 5, 1, 4],      [6, 2, 5],            [6],   [6, 2, 9, 7],      [6, 2, 8],      [6, 2, 9],     [6, 2, 10],
         [7, 1],      [7, 5, 2],         [7, 3],      [7, 1, 4],         [7, 5],      [7, 1, 6],            [7],         [7, 8],      [7, 1, 9],  [7, 1, 9, 10],
      [8, 5, 1],      [8, 5, 2],      [8, 5, 3],   [8, 5, 1, 4],         [8, 5],   [8, 5, 1, 6],   [8, 5, 9, 7],            [8],      [8, 5, 9],  [8, 5, 9, 10],
         [9, 1],     [9, 10, 2],      [9, 7, 3],      [9, 1, 4],      [9, 7, 5],      [9, 1, 6],         [9, 7],  [9, 10, 2, 8],            [9],        [9, 10],
     [10, 7, 1],        [10, 2],     [10, 7, 3],  [10, 7, 1, 4],     [10, 2, 5],  [10, 7, 1, 6],        [10, 7],     [10, 2, 8],     [10, 2, 9],           [10],
Elapsed Time: PT0.003S
-----------------------------------------------------------------------------
Original flow Matrix:
       0,      14,       0,      12,      11,      18,      15,      12,      19,      14,
      11,       0,      19,      20,       0,      10,      91,      93,      11,      20,
      20,      19,       0,      96,      11,      13,       0,      12,      14,      17,
      15,      12,      17,       0,      16,      18,      18,      18,      17,       0,
      10,      14,      12,      11,       0,      14,      11,      18,      12,      14,
       0,      11,      19,      94,      15,       0,      14,      20,      17,      95,
      19,       0,      11,      19,      16,      13,       0,      90,       0,      14,
      17,      14,       0,      15,       0,      15,      13,       0,      20,       0,
      16,      17,      13,       0,      13,      20,      12,      14,       0,      20,
      13,      18,      96,      13,      14,      15,      10,      11,      99,       0,
Elapsed Time: PT0.002S
-----------------------------------------------------------------------------
Edge Traffic:
       0,      NA,      NA,     295,      NA,     169,      NA,      64,      61,      NA,
      NA,       0,      NA,      NA,     202,      NA,      NA,     138,     232,     115,
     185,      NA,       0,      NA,      NA,      NA,      NA,      NA,      NA,      17,
      NA,      NA,      NA,       0,      NA,      NA,     117,      NA,      29,      NA,
     235,      28,      50,      NA,       0,      NA,      NA,      NA,      70,      NA,
      NA,     318,      NA,      NA,      NA,       0,      NA,      NA,      NA,      NA,
     139,      NA,     137,      NA,      45,      NA,       0,     108,      NA,      NA,
      NA,      NA,      NA,      NA,     116,      NA,      NA,       0,      NA,      NA,
      36,      NA,      NA,      NA,      NA,      NA,     167,      NA,       0,     105,
      NA,     185,      NA,      NA,      NA,      NA,     147,      NA,      NA,       0,

Elapsed Time: PT0.002S
-----------------------------------------------------------------------------
All pairs sneaky paths:
       0,     208,     230,     295,     180,     169,     228,      64,      61,     166,
     268,       0,     252,     563,     202,     437,     262,     138,     232,     115,
     185,     202,       0,     480,     209,     354,     164,     249,     246,      17,
      65,     190,     212,       0,     162,     234,     117,     129,      29,     134,
     106,      28,      50,     401,       0,     275,     214,     166,      70,      67,
     586,     318,     570,     881,     520,       0,     580,     456,     550,     433,
     139,      73,      95,     434,      45,     308,       0,     108,     115,     112,
     222,     144,     166,     517,     116,     391,     330,       0,     186,     183,
      36,     240,     262,     331,     212,     205,     167,     100,       0,     105,
     286,     185,     242,     581,     192,     455,     147,     255,     262,       0,
Elapsed Time: PT0.003S
-----------------------------------------------------------------------------
Total Running time: PT0.037S
-----------------------------------------------------------------------------
-----------------------------------------------------------------------------
