-----------------------------------------------------------------------------
Hank Fridell
-----------------------------------------------------------------------------
Parsing file: CS404FS16SneakyPathInputN15a.txt
Elapsed Time: PT0.017S
-----------------------------------------------------------------------------
Original:
       0,      NA,      NA,      93,      NA,      10,      NA,      NA,      NA,      NA,      NA,      91,      NA,      98,      NA,
      NA,       0,      NA,      NA,      NA,      NA,      94,      NA,      NA,      NA,      NA,      NA,      NA,      NA,      NA,
      NA,       7,       0,      NA,      NA,      NA,      NA,      NA,      NA,      NA,      NA,      NA,      90,      94,      NA,
      NA,      NA,      95,       0,      NA,      NA,      NA,      NA,      91,      NA,      NA,      NA,      NA,      NA,      NA,
      NA,      NA,      90,      NA,       0,      NA,      99,      NA,      NA,      NA,      NA,      NA,      NA,      NA,      NA,
      NA,      98,      NA,      NA,      NA,       0,      NA,      NA,      NA,      99,      NA,      NA,      NA,      NA,      NA,
       2,      93,      NA,      NA,      93,      NA,       0,      NA,      NA,      NA,      97,      NA,       4,      NA,      NA,
      94,      NA,      NA,      NA,      NA,      NA,      92,       0,      92,       6,      NA,      NA,      NA,      NA,      NA,
      NA,      NA,      NA,      10,      91,      NA,      NA,      93,       0,      NA,      NA,      NA,      NA,      NA,      NA,
      NA,      97,      NA,      NA,      NA,      NA,      96,      NA,      92,       0,      90,      NA,      93,      NA,      NA,
      92,      NA,      NA,      NA,      NA,      91,      NA,      98,      NA,      NA,       0,      NA,      NA,      NA,      98,
      NA,       1,      NA,      NA,      98,      NA,      NA,      NA,      NA,      NA,      NA,       0,      97,      NA,      NA,
      NA,      NA,      95,      92,      NA,      NA,      NA,       6,      95,      97,      NA,      NA,       0,      NA,      NA,
      NA,      92,      94,      NA,      NA,      NA,      NA,      NA,      NA,      NA,      98,      NA,       5,       0,      NA,
      NA,      NA,      NA,      92,      NA,      94,      NA,      91,      95,      NA,      NA,      91,       7,       5,       0,
Elapsed Time: PT0.01S
-----------------------------------------------------------------------------
All pairs shortest paths:
       0,      92,     188,      93,     189,      10,     186,     109,     184,     109,     196,      91,     103,      98,     294,
      96,       0,     193,     189,     187,     106,      94,     104,     193,     110,     191,     187,      98,     194,     289,
     103,       7,       0,     182,     194,     113,     101,      96,     185,     102,     192,     194,      90,      94,     290,
     198,     102,      95,       0,     182,     208,     196,     184,      91,     190,     280,     289,     185,     189,     378,
     101,      97,      90,     194,       0,     111,      99,     109,     198,     115,     196,     192,     103,     184,     294,
     194,      98,     287,     201,     282,       0,     192,     198,     191,      99,     189,     285,     192,     292,     287,
       2,      93,      99,      95,      93,      12,       0,      10,      99,      16,      97,      93,       4,     100,     195,
      94,     103,     191,     102,     183,     104,      92,       0,      92,       6,      96,     185,      96,     192,     194,
     187,     112,     105,      10,      91,     197,     185,      93,       0,      99,     189,     278,     189,     199,     287,
      98,      97,     188,     102,     183,     108,      96,      99,      92,       0,      90,     189,      93,     193,     188,
      92,     184,     197,     185,     281,      91,     190,      98,     190,     104,       0,     183,     105,     103,      98,
      97,       1,     188,     189,      98,     107,      95,     103,     192,     109,     192,       0,      97,     195,     290,
     100,     102,      95,      92,     186,     110,      98,       6,      95,      12,     102,     191,       0,     189,     200,
     105,      92,      94,      97,     191,     115,     103,      11,     100,      17,      98,     196,       5,       0,     196,
     107,      92,      99,      92,     186,      94,     105,      13,      95,      19,     103,      91,       7,       5,       0,
Elapsed Time: PT0.008S
-----------------------------------------------------------------------------
Actual shortest paths:
            [1],     [1, 12, 2],      [1, 4, 3],         [1, 4],     [1, 12, 5],         [1, 6],  [1, 12, 2, 7], [1, 14, 13, 8],      [1, 4, 9],     [1, 6, 10],    [1, 14, 11],        [1, 12],    [1, 14, 13],        [1, 14],[1, 14, 11, 15],
      [2, 7, 1],            [2],  [2, 7, 13, 3],   [2, 7, 1, 4],      [2, 7, 5],   [2, 7, 1, 6],         [2, 7],  [2, 7, 13, 8],  [2, 7, 13, 9],[2, 7, 13, 8, 10],     [2, 7, 11],  [2, 7, 1, 12],     [2, 7, 13],  [2, 7, 1, 14], [2, 7, 11, 15],
   [3, 2, 7, 1],         [3, 2],            [3],     [3, 13, 4],   [3, 2, 7, 5],[3, 2, 7, 1, 6],      [3, 2, 7],     [3, 13, 8],     [3, 13, 9], [3, 13, 8, 10],[3, 13, 8, 10, 11],[3, 2, 7, 1, 12],        [3, 13],        [3, 14],[3, 13, 8, 10, 11, 15],
[4, 3, 2, 7, 1],      [4, 3, 2],         [4, 3],            [4],      [4, 9, 5],[4, 3, 2, 7, 1, 6],   [4, 3, 2, 7],      [4, 9, 8],         [4, 9],  [4, 9, 8, 10],[4, 9, 8, 10, 11],[4, 3, 2, 7, 1, 12],     [4, 3, 13],     [4, 3, 14],[4, 9, 8, 10, 11, 15],
      [5, 7, 1],      [5, 3, 2],         [5, 3],   [5, 7, 1, 4],            [5],   [5, 7, 1, 6],         [5, 7],  [5, 7, 13, 8],  [5, 7, 13, 9],[5, 7, 13, 8, 10],     [5, 7, 11],  [5, 7, 1, 12],     [5, 7, 13],     [5, 3, 14], [5, 7, 11, 15],
   [6, 2, 7, 1],         [6, 2], [6, 10, 13, 3],  [6, 10, 9, 4],  [6, 10, 9, 5],            [6],      [6, 2, 7], [6, 10, 13, 8],     [6, 10, 9],        [6, 10],    [6, 10, 11],[6, 2, 7, 1, 12],    [6, 10, 13],[6, 2, 7, 1, 14],[6, 10, 11, 15],
         [7, 1],         [7, 2],     [7, 13, 3],      [7, 1, 4],         [7, 5],      [7, 1, 6],            [7],     [7, 13, 8],     [7, 13, 9], [7, 13, 8, 10],        [7, 11],     [7, 1, 12],        [7, 13],     [7, 1, 14],    [7, 11, 15],
         [8, 1],     [8, 10, 2],  [8, 7, 13, 3],      [8, 9, 4],      [8, 9, 5],      [8, 1, 6],         [8, 7],            [8],         [8, 9],        [8, 10],    [8, 10, 11],     [8, 1, 12],     [8, 7, 13],     [8, 1, 14],[8, 10, 11, 15],
      [9, 8, 1],   [9, 4, 3, 2],      [9, 4, 3],         [9, 4],         [9, 5],   [9, 8, 1, 6],      [9, 8, 7],         [9, 8],            [9],     [9, 8, 10], [9, 8, 10, 11],  [9, 8, 1, 12],  [9, 8, 7, 13],  [9, 4, 3, 14],[9, 8, 10, 11, 15],
     [10, 7, 1],        [10, 2],    [10, 13, 3],     [10, 9, 4],     [10, 9, 5],  [10, 7, 1, 6],        [10, 7],    [10, 13, 8],        [10, 9],           [10],       [10, 11], [10, 7, 1, 12],       [10, 13],[10, 11, 15, 14],   [10, 11, 15],
        [11, 1], [11, 1, 12, 2],[11, 15, 14, 3],     [11, 1, 4],  [11, 8, 9, 5],        [11, 6],     [11, 8, 7],        [11, 8],     [11, 8, 9],    [11, 8, 10],           [11],    [11, 1, 12],   [11, 15, 13],   [11, 15, 14],       [11, 15],
  [12, 2, 7, 1],        [12, 2],     [12, 5, 3],    [12, 13, 4],        [12, 5],[12, 2, 7, 1, 6],     [12, 2, 7],    [12, 13, 8],    [12, 13, 9],[12, 13, 8, 10], [12, 2, 7, 11],           [12],       [12, 13],[12, 2, 7, 1, 14],[12, 2, 7, 11, 15],
     [13, 8, 1],     [13, 3, 2],        [13, 3],        [13, 4],     [13, 9, 5],  [13, 8, 1, 6],     [13, 8, 7],        [13, 8],        [13, 9],    [13, 8, 10],[13, 8, 10, 11], [13, 8, 1, 12],           [13],    [13, 3, 14],[13, 8, 10, 11, 15],
 [14, 13, 8, 1],        [14, 2],        [14, 3],    [14, 13, 4], [14, 13, 9, 5],[14, 13, 8, 1, 6], [14, 13, 8, 7],    [14, 13, 8],    [14, 13, 9],[14, 13, 8, 10],       [14, 11],[14, 13, 8, 1, 12],       [14, 13],           [14],   [14, 11, 15],
 [15, 13, 8, 1],    [15, 12, 2],    [15, 14, 3],        [15, 4],     [15, 9, 5],        [15, 6], [15, 13, 8, 7],    [15, 13, 8],        [15, 9],[15, 13, 8, 10],   [15, 14, 11],       [15, 12],       [15, 13],       [15, 14],           [15],
Elapsed Time: PT0.004S
-----------------------------------------------------------------------------
Original flow Matrix:
       0,       5,       0,       3,       2,       9,       6,       3,       3,       1,       0,       9,       3,       9,       4,
       4,       0,       0,       8,       0,       3,       6,       0,       8,       7,       2,       4,       0,       3,       5,
       4,       1,       0,       8,       3,       7,       9,      98,       9,       9,       2,       7,       8,       5,      95,
       0,       1,       5,       0,       9,       3,       5,       0,       2,      10,      94,       6,       3,       5,       7,
       8,      95,      10,       0,       0,      10,       7,       4,       7,       9,      10,       5,       8,       5,       0,
       6,       0,       6,       4,       3,       0,       9,       2,       1,       0,       4,       2,       3,       5,       0,
       7,       4,       9,       0,       8,       0,       0,       9,       2,      99,       0,       4,       2,      93,       5,
      10,       1,       3,       0,       9,       8,       2,       0,       7,      94,       5,       9,       0,       3,       0,
       9,       9,      91,       9,       5,       3,       6,      10,       0,       7,       5,       7,      10,       2,       6,
       8,       6,      10,       6,       7,       1,       2,       2,       1,       0,       2,       1,       4,       5,      98,
       9,      92,       7,       5,       2,       1,       6,       9,       8,       6,       0,       8,      10,      90,       3,
       3,       5,       9,       2,      92,       4,      10,      99,       9,       2,       5,       0,       4,       7,       9,
       0,       4,       7,       1,       3,       3,      10,       2,       6,       1,       4,       0,       0,       8,       7,
       3,       6,      90,       4,      10,       5,       5,       4,       1,      92,      10,       4,      10,       0,       6,
      10,       0,      93,       6,       8,       8,       6,       3,       8,       0,       3,       8,       2,       2,       0,
Elapsed Time: PT0.003S
-----------------------------------------------------------------------------
Edge Traffic:
       0,      NA,      NA,      19,      NA,      57,      NA,      NA,      NA,      NA,      NA,     171,      NA,     130,      NA,
      NA,       0,      NA,      NA,      NA,      NA,     160,      NA,      NA,      NA,      NA,      NA,      NA,      NA,      NA,
      NA,     154,       0,      NA,      NA,      NA,      NA,      NA,      NA,      NA,      NA,      NA,     232,      25,      NA,
      NA,      NA,     130,       0,      NA,      NA,      NA,      NA,     125,      NA,      NA,      NA,      NA,      NA,      NA,
      NA,      NA,     119,      NA,       0,      NA,      68,      NA,      NA,      NA,      NA,      NA,      NA,      NA,      NA,
      NA,      22,      NA,      NA,      NA,       0,      NA,      NA,      NA,      24,      NA,      NA,      NA,      NA,      NA,
     213,       4,      NA,      NA,      11,      NA,       0,      NA,      NA,      NA,      36,      NA,     177,      NA,      NA,
      74,      NA,      NA,      NA,      NA,      NA,      48,       0,      26,     562,      NA,      NA,      NA,      NA,      NA,
      NA,      NA,      NA,     121,      56,      NA,      NA,     174,       0,      NA,      NA,      NA,      NA,      NA,      NA,
      NA,       7,      NA,      NA,      NA,      NA,      12,      NA,      22,       0,     334,      NA,      27,      NA,      NA,
     114,      NA,      NA,      NA,      NA,       1,      NA,      31,      NA,      NA,       0,      NA,      NA,      NA,     357,
      NA,     146,      NA,      NA,     103,      NA,      NA,      NA,      NA,      NA,      NA,       0,     116,      NA,      NA,
      NA,      NA,      47,      15,      NA,      NA,      NA,     599,      55,       0,      NA,      NA,       0,      NA,      NA,
      NA,       6,     190,      NA,      NA,      NA,      NA,      NA,      NA,      NA,      23,      NA,     144,       0,      NA,
      NA,      NA,      NA,       6,      NA,       8,      NA,       0,      16,      NA,      NA,       8,      31,     200,       0,

Elapsed Time: PT0.004S
-----------------------------------------------------------------------------
All pairs sneaky paths:
       0,      79,     149,      19,     104,      57,      93,     160,     103,      81,     129,     171,     108,     130,     486,
     301,       0,     290,     263,     171,     197,     160,     227,     243,     221,     196,     472,     248,     315,     553,
     153,      31,       0,     115,      96,      49,      85,      79,      95,      73,      48,     324,     100,      25,     405,
     283,     161,     130,       0,     181,     179,     215,     209,     125,     203,     178,     454,     230,     155,     535,
     209,      72,     119,     171,       0,     105,      68,     135,     151,     129,     104,     380,     156,     144,     461,
     177,      22,      98,      66,      47,       0,      36,     103,      46,      24,      72,     348,      51,     123,     429,
     141,       4,     130,     103,      11,      37,       0,      67,      83,      61,      36,     312,      88,     155,     393,
      74,      52,     178,      93,      59,      85,      48,       0,      26,     109,      84,     245,     136,     203,     441,
     248,     128,     175,     121,      56,     161,     124,     174,       0,     185,     160,     419,     212,     200,     517,
     153,       7,      74,      42,      23,      49,      12,      79,      22,       0,      48,     324,      27,      99,     405,
     105,      23,      99,      67,      48,       1,      37,      31,      47,      25,       0,     276,      52,     124,     357,
     269,     123,     163,     131,     103,     165,     128,     195,     138,     116,     164,       0,     116,     188,     521,
     153,       7,      47,      15,      23,      49,      12,      79,      22,       0,      48,     324,       0,      72,     405,
     128,       6,     122,      90,      71,      24,      60,      54,      70,      48,      23,     299,      75,       0,     380,
      74,      30,      78,       6,      54,       8,      43,       0,      16,      31,      79,       8,      31,     103,       0,
Elapsed Time: PT0.004S
-----------------------------------------------------------------------------
Total Running time: PT0.053S
-----------------------------------------------------------------------------
-----------------------------------------------------------------------------
