-----------------------------------------------------------------------------
Hank Fridell
-----------------------------------------------------------------------------
Parsing file: CS404FS16SneakyPathInputN20a.txt
Elapsed Time: PT0.005S
-----------------------------------------------------------------------------
Original:
       0,      NA,      NA,       4,      99,       2,      98,       6,      NA,       8,      NA,      91,      96,      10,       4,       4,      NA,      98,      NA,      93,
      NA,       0,      NA,      93,      NA,      93,       7,      NA,       4,      NA,      NA,       1,      97,      NA,      NA,       9,      92,      96,      NA,       9,
      NA,       2,       0,      NA,      90,       5,      NA,      NA,      NA,      NA,       5,      NA,      98,      NA,      NA,      NA,      91,      NA,       7,      NA,
      NA,      NA,      NA,       0,      97,      NA,       1,      NA,      NA,      NA,      NA,      NA,      NA,      NA,      96,      NA,      99,      NA,       8,      94,
      NA,      95,      NA,      95,       0,      NA,      91,      NA,      NA,      NA,      10,      NA,      NA,      NA,      NA,      94,      NA,      NA,      93,      NA,
      NA,      NA,      97,      NA,      NA,       0,       2,      NA,      97,      NA,      93,      NA,      NA,      96,      91,      NA,      NA,      NA,      NA,      98,
      97,      91,      NA,       8,      NA,      NA,       0,      NA,      94,      92,      NA,      NA,       9,      NA,      98,      NA,      NA,       6,      NA,      NA,
      NA,      96,      94,      96,      99,       2,      NA,       0,      95,      NA,      NA,      93,      NA,      96,      NA,      NA,       3,      10,      NA,      NA,
      NA,      98,      NA,      NA,      98,      92,      95,      93,       0,      90,      95,      NA,      NA,       6,      NA,      NA,      NA,      NA,      98,      NA,
      98,      NA,      NA,      91,      NA,       7,      NA,      NA,      98,       0,      94,       7,      93,      96,      NA,      NA,      95,      NA,       1,      92,
      NA,      10,      NA,       6,      NA,       1,      93,      NA,      NA,       8,       0,      NA,      92,       6,      NA,      NA,      90,      NA,      NA,      NA,
      NA,      90,      97,      99,       5,      NA,      NA,      95,      NA,      NA,      NA,       0,      NA,       8,      NA,      NA,       2,      96,      NA,      NA,
      NA,      NA,      91,       7,      95,      NA,      NA,      NA,      NA,      93,      93,      NA,       0,      NA,      NA,      NA,      10,      NA,       2,      NA,
      NA,      NA,      NA,      NA,      92,      NA,      NA,      92,      92,      95,      96,       7,      97,       0,       2,      NA,      NA,      91,      NA,      95,
      94,      NA,      91,      NA,      NA,      NA,      90,      94,      NA,       7,       2,      NA,      96,      NA,       0,      NA,      NA,      NA,      NA,       9,
      NA,      95,       1,       7,      NA,      NA,      NA,      NA,       2,      NA,      96,      NA,      99,       6,      97,       0,      10,       6,      NA,      NA,
       1,      91,      90,      NA,      NA,      NA,      NA,      NA,      NA,      NA,      NA,       3,      10,      NA,      NA,      NA,       0,       5,      99,      92,
      NA,       3,       8,       8,      NA,      NA,      NA,      NA,      94,      NA,      96,      NA,      NA,      95,      NA,      99,      NA,       0,      94,       6,
      NA,       1,      NA,      NA,      NA,      NA,      NA,      90,      94,       7,      NA,      93,      96,       8,      NA,      91,       3,      NA,       0,      NA,
      NA,      NA,      92,      10,       6,      97,      94,      NA,      96,      95,      NA,      97,      NA,      NA,      NA,      96,      NA,      NA,      NA,       0,
Original:
Elapsed Time: PT0S
-----------------------------------------------------------------------------
All pairs shortest paths:
       0,       7,       5,       4,      13,       2,       4,       6,       6,       8,       6,       8,      13,      10,       4,       4,       9,      10,       9,      13,
       4,       0,       9,       8,       6,       6,       7,      10,       4,      12,      10,       1,      13,       9,       8,       8,       3,       8,      13,       9,
       6,       2,       0,      10,       8,       5,       7,      12,       6,      13,       5,       3,      15,      11,      10,      10,       5,      10,       7,      11,
      12,       9,      15,       0,      15,      14,       1,      18,      13,      15,      18,      10,      10,      16,      16,      16,      11,       7,       8,      13,
      23,      20,      27,      16,       0,      11,      13,      29,      24,      18,      10,      21,      22,      16,      18,      27,      22,      19,      19,      25,
      15,      11,      16,      10,      17,       0,       2,      21,      15,      20,      21,      12,      11,      20,      19,      19,      14,       8,      13,      14,
      13,       9,      14,       8,      15,      15,       0,      19,      13,      18,      19,      10,       9,      18,      17,      17,      12,       6,      11,      12,
       4,      11,       9,       8,      11,       2,       4,       0,      10,      12,      10,       6,      13,      14,       8,       8,       3,       8,      13,      14,
      16,      17,      21,      16,      18,      11,      13,      22,       0,      15,      10,      13,      22,       6,       8,      20,      15,      19,      16,      17,
       5,       2,      10,       9,       8,       7,       9,      11,       6,       0,      11,       3,      14,       9,       9,       9,       4,       9,       1,      11,
      13,      10,      17,       6,      16,       1,       3,      19,      14,       8,       0,      11,      12,       6,       8,      17,      12,       9,       9,      15,
       3,      10,       8,       7,       5,       5,       7,       9,       9,      11,       9,       0,      12,       8,       7,       7,       2,       7,      12,      13,
       6,       3,      11,       7,       9,       8,       8,      12,       7,       9,      12,       4,       0,      10,      10,      10,       5,      10,       2,      12,
      10,      11,      15,      10,      12,       5,       7,      16,      15,       9,       4,       7,      16,       0,       2,      14,       9,      13,      10,      11,
      12,       9,      17,       8,      15,       3,       5,      18,      13,       7,       2,      10,      14,       8,       0,      16,      11,      11,       8,       9,
       7,       3,       1,       7,       9,       6,       8,      13,       2,      14,       6,       4,      16,       6,       8,       0,       6,       6,       8,      12,
       1,       8,       6,       5,       8,       3,       5,       7,       7,       9,       7,       3,      10,      11,       5,       5,       0,       5,      10,      11,
       7,       3,       8,       8,       9,       9,       9,      13,       7,      15,      13,       4,      16,      12,      11,      11,       6,       0,      15,       6,
       4,       1,       9,       8,       7,       6,       8,      10,       5,       7,      10,       2,      13,       8,       8,       8,       3,       8,       0,      10,
      22,      19,      25,      10,       6,      17,      11,      28,      23,      24,      16,      20,      20,      22,      24,      26,      21,      17,      18,       0,
All pairs shortest paths:
Elapsed Time: PT0.003S
-----------------------------------------------------------------------------
Actual shortest paths:
            [1],  [1, 16, 3, 2],     [1, 16, 3],         [1, 4],[1, 16, 3, 2, 12, 5],         [1, 6],      [1, 6, 7],         [1, 8],     [1, 16, 9],        [1, 10],    [1, 15, 11],[1, 16, 3, 2, 12],  [1, 6, 7, 13],        [1, 14],        [1, 15],        [1, 16],     [1, 8, 17],  [1, 6, 7, 18],    [1, 10, 19],    [1, 15, 20],
 [2, 12, 17, 1],            [2],[2, 12, 17, 1, 16, 3],[2, 12, 17, 1, 4],     [2, 12, 5],[2, 12, 17, 1, 6],         [2, 7],[2, 12, 17, 1, 8],         [2, 9],[2, 12, 17, 1, 10],[2, 12, 17, 1, 15, 11],        [2, 12],[2, 12, 17, 13],    [2, 12, 14],[2, 12, 17, 1, 15],[2, 12, 17, 1, 16],    [2, 12, 17],[2, 12, 17, 18],[2, 12, 17, 1, 10, 19],        [2, 20],
[3, 2, 12, 17, 1],         [3, 2],            [3],[3, 2, 12, 17, 1, 4],  [3, 2, 12, 5],         [3, 6],      [3, 6, 7],[3, 2, 12, 17, 1, 8],      [3, 2, 9],    [3, 11, 10],        [3, 11],     [3, 2, 12],[3, 2, 12, 17, 13],    [3, 11, 14],[3, 2, 12, 17, 1, 15],[3, 2, 12, 17, 1, 16], [3, 2, 12, 17],[3, 2, 12, 17, 18],        [3, 19],     [3, 2, 20],
 [4, 19, 17, 1],     [4, 19, 2],  [4, 7, 18, 3],            [4],[4, 19, 2, 12, 5],[4, 19, 17, 1, 6],         [4, 7],[4, 19, 17, 1, 8],  [4, 19, 2, 9],    [4, 19, 10],[4, 19, 17, 1, 15, 11], [4, 19, 2, 12],     [4, 7, 13],    [4, 19, 14],[4, 19, 17, 1, 15],[4, 19, 17, 1, 16],    [4, 19, 17],     [4, 7, 18],        [4, 19], [4, 7, 18, 20],
[5, 11, 10, 19, 17, 1],     [5, 11, 2],[5, 11, 6, 7, 18, 3],     [5, 11, 4],            [5],     [5, 11, 6],  [5, 11, 6, 7],[5, 11, 10, 19, 17, 1, 8],  [5, 11, 2, 9],    [5, 11, 10],        [5, 11], [5, 11, 2, 12],[5, 11, 6, 7, 13],    [5, 11, 14],[5, 11, 14, 15],[5, 11, 10, 19, 17, 1, 16],[5, 11, 10, 19, 17],[5, 11, 6, 7, 18],[5, 11, 10, 19],[5, 11, 6, 7, 18, 20],
[6, 7, 18, 2, 12, 17, 1],  [6, 7, 18, 2],  [6, 7, 18, 3],      [6, 7, 4],[6, 7, 18, 2, 12, 5],            [6],         [6, 7],[6, 7, 18, 2, 12, 17, 1, 8],[6, 7, 18, 2, 9],[6, 7, 13, 19, 10],[6, 7, 18, 3, 11],[6, 7, 18, 2, 12],     [6, 7, 13],[6, 7, 18, 2, 12, 14],[6, 7, 18, 2, 12, 17, 1, 15],[6, 7, 18, 2, 12, 17, 1, 16],[6, 7, 18, 2, 12, 17],     [6, 7, 18], [6, 7, 13, 19], [6, 7, 18, 20],
[7, 18, 2, 12, 17, 1],     [7, 18, 2],     [7, 18, 3],         [7, 4],[7, 18, 2, 12, 5],[7, 18, 2, 12, 17, 1, 6],            [7],[7, 18, 2, 12, 17, 1, 8],  [7, 18, 2, 9],[7, 13, 19, 10], [7, 18, 3, 11], [7, 18, 2, 12],        [7, 13],[7, 18, 2, 12, 14],[7, 18, 2, 12, 17, 1, 15],[7, 18, 2, 12, 17, 1, 16],[7, 18, 2, 12, 17],        [7, 18],    [7, 13, 19],    [7, 18, 20],
     [8, 17, 1],[8, 17, 1, 16, 3, 2],[8, 17, 1, 16, 3],  [8, 17, 1, 4], [8, 17, 12, 5],         [8, 6],      [8, 6, 7],            [8],[8, 17, 1, 16, 9], [8, 17, 1, 10],[8, 17, 1, 15, 11],    [8, 17, 12],  [8, 6, 7, 13], [8, 17, 1, 14], [8, 17, 1, 15], [8, 17, 1, 16],        [8, 17],    [8, 17, 18],[8, 17, 1, 10, 19],[8, 17, 18, 20],
[9, 14, 12, 17, 1],[9, 14, 15, 10, 19, 2],[9, 14, 12, 17, 1, 16, 3],[9, 14, 15, 11, 4], [9, 14, 12, 5],[9, 14, 15, 11, 6],[9, 14, 15, 11, 6, 7],[9, 14, 12, 17, 1, 8],            [9],[9, 14, 15, 10],[9, 14, 15, 11],    [9, 14, 12],[9, 14, 15, 11, 6, 7, 13],        [9, 14],    [9, 14, 15],[9, 14, 12, 17, 1, 16],[9, 14, 12, 17],[9, 14, 15, 11, 6, 7, 18],[9, 14, 15, 10, 19],[9, 14, 15, 20],
[10, 19, 17, 1],    [10, 19, 2],[10, 19, 17, 1, 16, 3],[10, 19, 17, 1, 4],[10, 19, 2, 12, 5],        [10, 6],     [10, 6, 7],[10, 19, 17, 1, 8], [10, 19, 2, 9],           [10],[10, 19, 17, 1, 15, 11],[10, 19, 2, 12],[10, 19, 17, 13],   [10, 19, 14],[10, 19, 17, 1, 15],[10, 19, 17, 1, 16],   [10, 19, 17],[10, 19, 17, 18],       [10, 19],[10, 19, 2, 20],
[11, 10, 19, 17, 1],        [11, 2],[11, 6, 7, 18, 3],        [11, 4], [11, 2, 12, 5],        [11, 6],     [11, 6, 7],[11, 10, 19, 17, 1, 8],     [11, 2, 9],       [11, 10],           [11],    [11, 2, 12], [11, 6, 7, 13],       [11, 14],   [11, 14, 15],[11, 10, 19, 17, 1, 16],[11, 10, 19, 17], [11, 6, 7, 18],   [11, 10, 19],[11, 6, 7, 18, 20],
    [12, 17, 1],[12, 17, 1, 16, 3, 2],[12, 17, 1, 16, 3], [12, 17, 1, 4],        [12, 5], [12, 17, 1, 6],[12, 17, 1, 6, 7], [12, 17, 1, 8],[12, 17, 1, 16, 9],[12, 17, 1, 10],[12, 17, 1, 15, 11],           [12],   [12, 17, 13],       [12, 14],[12, 17, 1, 15],[12, 17, 1, 16],       [12, 17],   [12, 17, 18],[12, 17, 1, 10, 19],[12, 17, 18, 20],
[13, 19, 17, 1],    [13, 19, 2],[13, 19, 17, 1, 16, 3],        [13, 4],[13, 19, 2, 12, 5],[13, 19, 17, 1, 6],     [13, 4, 7],[13, 19, 17, 1, 8], [13, 19, 2, 9],   [13, 19, 10],[13, 19, 17, 1, 15, 11],[13, 19, 2, 12],           [13],   [13, 19, 14],[13, 19, 17, 1, 15],[13, 19, 17, 1, 16],   [13, 19, 17],[13, 19, 17, 18],       [13, 19],[13, 19, 2, 20],
[14, 12, 17, 1],[14, 15, 10, 19, 2],[14, 12, 17, 1, 16, 3],[14, 15, 11, 4],    [14, 12, 5],[14, 15, 11, 6],[14, 15, 11, 6, 7],[14, 12, 17, 1, 8],[14, 15, 10, 19, 2, 9],   [14, 15, 10],   [14, 15, 11],       [14, 12],[14, 15, 11, 6, 7, 13],           [14],       [14, 15],[14, 12, 17, 1, 16],   [14, 12, 17],[14, 15, 11, 6, 7, 18],[14, 15, 10, 19],   [14, 15, 20],
[15, 10, 19, 17, 1],[15, 10, 19, 2],[15, 10, 19, 17, 1, 16, 3],    [15, 11, 4],[15, 10, 19, 2, 12, 5],    [15, 11, 6], [15, 11, 6, 7],[15, 10, 19, 17, 1, 8],[15, 10, 19, 2, 9],       [15, 10],       [15, 11],[15, 10, 19, 2, 12],[15, 11, 6, 7, 13],   [15, 11, 14],           [15],[15, 10, 19, 17, 1, 16],[15, 10, 19, 17],[15, 11, 6, 7, 18],   [15, 10, 19],       [15, 20],
[16, 3, 2, 12, 17, 1],     [16, 3, 2],        [16, 3],        [16, 4],[16, 3, 2, 12, 5],     [16, 3, 6],     [16, 4, 7],[16, 3, 2, 12, 17, 1, 8],        [16, 9],[16, 3, 11, 10],    [16, 3, 11], [16, 3, 2, 12],[16, 3, 2, 12, 17, 13],       [16, 14],   [16, 14, 15],           [16],[16, 3, 2, 12, 17],       [16, 18],    [16, 3, 19], [16, 3, 2, 20],
        [17, 1],[17, 1, 16, 3, 2], [17, 1, 16, 3],     [17, 1, 4],    [17, 12, 5],     [17, 1, 6],  [17, 1, 6, 7],     [17, 1, 8], [17, 1, 16, 9],    [17, 1, 10],[17, 1, 15, 11],       [17, 12],       [17, 13],    [17, 1, 14],    [17, 1, 15],    [17, 1, 16],           [17],       [17, 18],[17, 1, 10, 19],   [17, 18, 20],
[18, 2, 12, 17, 1],        [18, 2],        [18, 3],        [18, 4], [18, 2, 12, 5],[18, 2, 12, 17, 1, 6],     [18, 4, 7],[18, 2, 12, 17, 1, 8],     [18, 2, 9],[18, 2, 12, 17, 1, 10],    [18, 3, 11],    [18, 2, 12],[18, 2, 12, 17, 13],[18, 2, 12, 14],[18, 2, 12, 17, 1, 15],[18, 2, 12, 17, 1, 16],[18, 2, 12, 17],           [18],    [18, 3, 19],       [18, 20],
    [19, 17, 1],        [19, 2],[19, 17, 1, 16, 3], [19, 17, 1, 4], [19, 2, 12, 5], [19, 17, 1, 6],     [19, 2, 7], [19, 17, 1, 8],     [19, 2, 9],       [19, 10],[19, 17, 1, 15, 11],    [19, 2, 12],   [19, 17, 13],       [19, 14],[19, 17, 1, 15],[19, 17, 1, 16],       [19, 17],   [19, 17, 18],           [19],    [19, 2, 20],
[20, 4, 19, 17, 1], [20, 4, 19, 2],[20, 4, 7, 18, 3],        [20, 4],        [20, 5], [20, 5, 11, 6],     [20, 4, 7],[20, 4, 19, 17, 1, 8],[20, 4, 19, 2, 9],[20, 5, 11, 10],    [20, 5, 11],[20, 4, 19, 2, 12], [20, 4, 7, 13],[20, 5, 11, 14],[20, 5, 11, 14, 15],[20, 4, 19, 17, 1, 16],[20, 4, 19, 17], [20, 4, 7, 18],    [20, 4, 19],           [20],
Actual shortest paths:
Elapsed Time: PT0.003S
-----------------------------------------------------------------------------
Original flow Matrix:
       0,       0,       0,       0,       0,      10,       0,      96,       0,       1,       0,       9,       0,       0,       0,       0,       0,       9,       0,       0,
       0,       0,       7,       8,       6,       0,       0,       0,       0,       0,       0,      99,       0,      91,       0,      93,       0,       0,      90,       0,
       0,      97,       0,       7,       8,       5,       0,       0,       0,       0,       0,       1,      91,      94,       0,       2,       0,       0,      90,       0,
       0,       9,       0,       0,       0,       0,       0,       0,       0,       0,      10,       5,       0,       0,      95,       0,       0,      90,       0,       0,
       0,       9,       0,       0,       0,       0,       0,      95,       0,       1,       0,       0,       0,       0,       0,       0,       2,       7,       4,       0,
       0,       0,       3,       0,       9,       0,       0,       0,       0,       0,       4,       2,       0,       0,       6,       0,       0,      96,       0,       0,
       3,       0,       0,       0,       6,       6,       0,       0,       0,       0,       0,       0,      94,      10,       2,       8,       0,       4,       0,       0,
       0,       0,       0,       0,       0,       0,       0,       0,       0,       0,       0,      95,       0,       0,       0,       0,       0,       0,       0,       5,
      95,       8,       0,       0,       0,       0,       0,      99,       0,       0,       9,      98,       0,      93,       0,       0,       0,      90,       0,       0,
       6,       0,       0,       7,      95,      93,      99,       0,       4,       0,       0,       8,       0,       0,       1,       0,       0,       3,       0,      90,
       8,       6,       0,       0,       8,       0,       0,       0,       0,       0,       0,      92,       0,       5,       0,       4,       3,      95,       0,       0,
       1,       9,       0,       4,      99,       0,       0,       0,       0,       0,      90,       0,       2,       5,       0,       0,       0,      95,       0,       5,
      10,       4,       8,       0,       8,      10,      94,       0,       0,       0,       0,       0,       0,       0,       0,       0,       2,       0,       6,       0,
       0,       4,       0,       0,       2,       0,       0,       1,       0,       3,       3,       8,       0,       0,       2,       1,       0,       0,       0,      10,
       4,       0,       1,       0,       0,       0,       0,       0,       3,       0,       0,       0,       0,       0,       0,       0,       0,       0,       1,       0,
       7,       0,       0,      10,       0,      95,       0,       0,       0,       0,       0,       0,       2,      93,       1,       0,       0,       8,       0,       0,
      91,       6,       1,       0,      91,      99,       0,       0,      10,       4,       0,       0,       0,       0,       9,       0,       0,       0,       0,       0,
       0,       0,       0,      90,       0,       0,       0,       0,       9,       0,       0,       0,       6,       7,       0,       0,       0,       0,       0,       3,
       8,       0,       0,       0,       7,       0,       0,      90,       0,       0,       0,       0,       0,      10,       0,       0,       0,       6,       0,       6,
       0,       7,       0,       9,       8,       9,       0,       0,       0,       3,       0,       0,       7,       0,       7,       0,       7,       8,       9,       0,
Original flow Matrix:
Elapsed Time: PT0.021S
-----------------------------------------------------------------------------
Edge Traffic:
       0,      NA,      NA,      26,       0,     134,       0,     381,      NA,      95,      NA,       0,       0,       0,     213,     159,      NA,       0,      NA,       0,
      NA,       0,      NA,       0,      NA,       0,       0,      NA,      16,      NA,      NA,     809,       0,      NA,      NA,       0,       0,       0,      NA,      96,
      NA,     239,       0,      NA,       0,     100,      NA,      NA,      NA,      NA,      98,      NA,       0,      NA,      NA,      NA,       0,      NA,      90,      NA,
      NA,      NA,      NA,       0,       0,      NA,     199,      NA,      NA,      NA,      NA,      NA,      NA,      NA,       0,      NA,       0,      NA,     142,       0,
      NA,       0,      NA,       0,       0,      NA,       0,      NA,      NA,      NA,     137,      NA,      NA,      NA,      NA,       0,      NA,      NA,       0,      NA,
      NA,      NA,       0,      NA,      NA,       0,     420,      NA,       0,      NA,       0,      NA,      NA,       0,       0,      NA,      NA,      NA,      NA,       0,
       0,       0,      NA,       0,      NA,      NA,       0,      NA,       0,       0,      NA,      NA,     101,      NA,       0,      NA,      NA,     458,      NA,      NA,
      NA,       0,       0,       0,       0,       0,      NA,       0,       0,      NA,      NA,       0,      NA,       0,      NA,      NA,     100,       0,      NA,      NA,
      NA,       0,      NA,      NA,       0,       0,       0,       0,       0,       0,       0,      NA,      NA,     492,      NA,      NA,      NA,      NA,       0,      NA,
       0,      NA,      NA,       0,      NA,     192,      NA,      NA,       0,       0,       0,       0,       0,       0,      NA,      NA,       0,      NA,     441,       0,
      NA,     115,      NA,       0,      NA,     201,       0,      NA,      NA,     120,       0,      NA,       0,     106,      NA,      NA,       0,      NA,      NA,      NA,
      NA,       0,       0,       0,     339,      NA,      NA,       0,      NA,      NA,      NA,       0,      NA,     113,      NA,      NA,     740,       0,      NA,      NA,
      NA,      NA,       0,      94,       0,      NA,      NA,      NA,      NA,       0,       0,      NA,       0,      NA,      NA,      NA,       0,      NA,      48,      NA,
      NA,      NA,      NA,      NA,       0,      NA,      NA,       0,       0,       0,       0,     304,       0,       0,     137,      NA,      NA,       0,      NA,       0,
       0,      NA,       0,      NA,      NA,      NA,       0,       0,      NA,      24,     202,      NA,       0,      NA,       0,      NA,      NA,      NA,      NA,      10,
      NA,       0,     145,      10,      NA,      NA,      NA,      NA,      10,      NA,       0,      NA,       0,      94,       0,       0,       0,       8,      NA,      NA,
    1116,       0,       0,      NA,      NA,      NA,      NA,      NA,      NA,      NA,      NA,     186,     101,      NA,      NA,      NA,       0,     114,       0,       0,
      NA,      74,       7,      90,      NA,      NA,      NA,      NA,       0,      NA,       0,      NA,      NA,       0,      NA,       0,      NA,       0,       0,      13,
      NA,     258,      NA,      NA,      NA,      NA,      NA,       0,       0,       0,      NA,       0,       0,      10,      NA,       0,     380,      NA,       0,      NA,
      NA,      NA,       0,      47,      27,       0,       0,      NA,       0,       0,      NA,       0,      NA,      NA,      NA,       0,      NA,      NA,      NA,       0,

Edge Traffic:
Elapsed Time: PT0.004S
-----------------------------------------------------------------------------
All pairs sneaky paths:
       0,       0,       0,       0,       0,       0,       0,       0,       0,       0,       0,       0,       0,       0,       0,       0,       0,       0,       0,       0,
       0,       0,       0,       0,       0,       0,       0,       0,       0,       0,       0,       0,       0,       0,       0,       0,       0,       0,       0,       0,
       0,       0,       0,       0,       0,       0,       0,       0,       0,       0,       0,       0,       0,       0,       0,       0,       0,       0,       0,       0,
       0,       0,       0,       0,       0,       0,       0,       0,       0,       0,       0,       0,       0,       0,       0,       0,       0,       0,       0,       0,
       0,       0,       0,       0,       0,       0,       0,       0,       0,       0,       0,       0,       0,       0,       0,       0,       0,       0,       0,       0,
       0,       0,       0,       0,       0,       0,       0,       0,       0,       0,       0,       0,       0,       0,       0,       0,       0,       0,       0,       0,
       0,       0,       0,       0,       0,       0,       0,       0,       0,       0,       0,       0,       0,       0,       0,       0,       0,       0,       0,       0,
       0,       0,       0,       0,       0,       0,       0,       0,       0,       0,       0,       0,       0,       0,       0,       0,       0,       0,       0,       0,
       0,       0,       0,       0,       0,       0,       0,       0,       0,       0,       0,       0,       0,       0,       0,       0,       0,       0,       0,       0,
       0,       0,       0,       0,       0,       0,       0,       0,       0,       0,       0,       0,       0,       0,       0,       0,       0,       0,       0,       0,
       0,       0,       0,       0,       0,       0,       0,       0,       0,       0,       0,       0,       0,       0,       0,       0,       0,       0,       0,       0,
       0,       0,       0,       0,       0,       0,       0,       0,       0,       0,       0,       0,       0,       0,       0,       0,       0,       0,       0,       0,
       0,       0,       0,       0,       0,       0,       0,       0,       0,       0,       0,       0,       0,       0,       0,       0,       0,       0,       0,       0,
       0,       0,       0,       0,       0,       0,       0,       0,       0,       0,       0,       0,       0,       0,       0,       0,       0,       0,       0,       0,
       0,       0,       0,       0,       0,       0,       0,       0,       0,       0,       0,       0,       0,       0,       0,       0,       0,       0,       0,       0,
       0,       0,       0,       0,       0,       0,       0,       0,       0,       0,       0,       0,       0,       0,       0,       0,       0,       0,       0,       0,
       0,       0,       0,       0,       0,       0,       0,       0,       0,       0,       0,       0,       0,       0,       0,       0,       0,       0,       0,       0,
       0,       0,       0,       0,       0,       0,       0,       0,       0,       0,       0,       0,       0,       0,       0,       0,       0,       0,       0,       0,
       0,       0,       0,       0,       0,       0,       0,       0,       0,       0,       0,       0,       0,       0,       0,       0,       0,       0,       0,       0,
       0,       0,       0,       0,       0,       0,       0,       0,       0,       0,       0,       0,       0,       0,       0,       0,       0,       0,       0,       0,
All pairs sneaky paths:
Elapsed Time: PT0.001S
-----------------------------------------------------------------------------
Actual sneaky paths:
            [1],      [1, 5, 2],[1, 5, 2, 6, 3],      [1, 5, 4],         [1, 5],   [1, 5, 2, 6],         [1, 7],[1, 5, 2, 6, 9, 8],[1, 5, 2, 6, 9],     [1, 7, 10],[1, 5, 2, 6, 11],        [1, 12],        [1, 13],        [1, 14],  [1, 5, 4, 15],     [1, 5, 16],  [1, 5, 2, 17],        [1, 18],     [1, 5, 19],        [1, 20],
      [2, 7, 1],            [2],      [2, 6, 3],         [2, 4],      [2, 4, 5],         [2, 6],         [2, 7],   [2, 6, 9, 8],      [2, 6, 9],     [2, 7, 10],     [2, 6, 11],  [2, 7, 1, 12],        [2, 13],     [2, 6, 14],     [2, 4, 15],        [2, 16],        [2, 17],        [2, 18],  [2, 4, 5, 19],     [2, 4, 20],
   [3, 5, 7, 1],      [3, 5, 2],            [3],      [3, 5, 4],         [3, 5],   [3, 5, 2, 6],      [3, 5, 7],[3, 5, 2, 6, 9, 8],[3, 5, 2, 6, 9],  [3, 5, 7, 10],[3, 5, 2, 6, 11],[3, 5, 7, 1, 12],        [3, 13],[3, 5, 2, 6, 14],  [3, 5, 4, 15],     [3, 5, 16],        [3, 17],  [3, 5, 2, 18],     [3, 5, 19],  [3, 5, 4, 20],
   [4, 5, 7, 1],      [4, 5, 2],[4, 5, 2, 6, 3],            [4],         [4, 5],   [4, 5, 2, 6],      [4, 5, 7],[4, 5, 2, 6, 9, 8],[4, 5, 2, 6, 9],  [4, 5, 7, 10],[4, 5, 2, 6, 11],[4, 5, 7, 1, 12],  [4, 5, 2, 13],[4, 5, 2, 6, 14],        [4, 15],     [4, 5, 16],        [4, 17],  [4, 5, 2, 18],     [4, 5, 19],        [4, 20],
      [5, 7, 1],         [5, 2],   [5, 2, 6, 3],         [5, 4],            [5],      [5, 2, 6],         [5, 7],[5, 2, 6, 9, 8],   [5, 2, 6, 9],     [5, 7, 10],  [5, 2, 6, 11],  [5, 7, 1, 12],     [5, 2, 13],  [5, 2, 6, 14],     [5, 4, 15],        [5, 16],     [5, 2, 17],     [5, 2, 18],        [5, 19],     [5, 4, 20],
[6, 3, 5, 7, 1],   [6, 3, 5, 2],         [6, 3],   [6, 3, 5, 4],      [6, 3, 5],            [6],   [6, 3, 5, 7],      [6, 9, 8],         [6, 9],[6, 3, 5, 7, 10],        [6, 11],[6, 3, 5, 7, 1, 12],     [6, 3, 13],        [6, 14],        [6, 15],  [6, 3, 5, 16],     [6, 3, 17],[6, 3, 5, 2, 18],  [6, 3, 5, 19],        [6, 20],
         [7, 1],         [7, 2],   [7, 2, 6, 3],         [7, 4],      [7, 1, 5],      [7, 2, 6],            [7],      [7, 9, 8],         [7, 9],        [7, 10],  [7, 2, 6, 11],     [7, 1, 12],     [7, 1, 13],     [7, 1, 14],        [7, 15],     [7, 2, 16],     [7, 2, 17],     [7, 1, 18],  [7, 1, 5, 19],     [7, 1, 20],
   [8, 2, 7, 1],         [8, 2],         [8, 3],         [8, 4],         [8, 5],         [8, 6],      [8, 2, 7],            [8],         [8, 9],  [8, 2, 7, 10],     [8, 6, 11],        [8, 12],     [8, 2, 13],        [8, 14],     [8, 4, 15],     [8, 2, 16],     [8, 2, 17],        [8, 18],     [8, 5, 19],     [8, 4, 20],
      [9, 7, 1],         [9, 2],      [9, 6, 3],      [9, 2, 4],         [9, 5],         [9, 6],         [9, 7],         [9, 8],            [9],        [9, 10],        [9, 11],  [9, 7, 1, 12],     [9, 2, 13],     [9, 6, 14],  [9, 2, 4, 15],     [9, 2, 16],     [9, 2, 17],     [9, 2, 18],        [9, 19],  [9, 2, 4, 20],
        [10, 1],  [10, 1, 5, 2],[10, 1, 5, 2, 6, 3],        [10, 4],     [10, 1, 5],[10, 1, 5, 2, 6],     [10, 1, 7],     [10, 9, 8],        [10, 9],           [10],       [10, 11],       [10, 12],       [10, 13],       [10, 14],    [10, 4, 15], [10, 1, 5, 16],       [10, 17],    [10, 1, 18], [10, 1, 5, 19],       [10, 20],
     [11, 7, 1],  [11, 4, 5, 2],[11, 4, 5, 2, 6, 3],        [11, 4],     [11, 4, 5],[11, 4, 5, 2, 6],        [11, 7],[11, 4, 5, 2, 6, 9, 8],[11, 4, 5, 2, 6, 9],    [11, 7, 10],           [11], [11, 7, 1, 12],       [11, 13],[11, 4, 5, 2, 6, 14],    [11, 4, 15], [11, 4, 5, 16],       [11, 17],[11, 4, 5, 2, 18], [11, 4, 5, 19],    [11, 4, 20],
  [12, 2, 7, 1],        [12, 2],        [12, 3],        [12, 4],     [12, 3, 5],     [12, 2, 6],     [12, 2, 7],        [12, 8],  [12, 2, 6, 9], [12, 2, 7, 10], [12, 2, 6, 11],           [12],    [12, 2, 13], [12, 2, 6, 14],    [12, 4, 15],    [12, 2, 16],    [12, 2, 17],       [12, 18], [12, 3, 5, 19],    [12, 4, 20],
  [13, 5, 7, 1],     [13, 5, 2],        [13, 3],     [13, 5, 4],        [13, 5],  [13, 5, 2, 6],     [13, 5, 7],[13, 5, 2, 6, 9, 8],[13, 5, 2, 6, 9],       [13, 10],       [13, 11],[13, 5, 7, 1, 12],           [13],[13, 5, 2, 6, 14], [13, 5, 4, 15],    [13, 5, 16],       [13, 17], [13, 5, 2, 18],    [13, 5, 19], [13, 5, 4, 20],
  [14, 5, 7, 1],     [14, 5, 2],[14, 5, 2, 6, 3],     [14, 5, 4],        [14, 5],  [14, 5, 2, 6],     [14, 5, 7],        [14, 8],        [14, 9],       [14, 10],       [14, 11],[14, 5, 7, 1, 12],       [14, 13],           [14], [14, 5, 4, 15],    [14, 5, 16], [14, 5, 2, 17],       [14, 18],    [14, 5, 19],       [14, 20],
        [15, 1],  [15, 1, 5, 2],        [15, 3],  [15, 1, 5, 4],     [15, 1, 5],[15, 1, 5, 2, 6],        [15, 7],        [15, 8],[15, 1, 5, 2, 6, 9],    [15, 7, 10],[15, 1, 5, 2, 6, 11],    [15, 1, 12],       [15, 13],    [15, 1, 14],           [15], [15, 1, 5, 16],    [15, 3, 17],    [15, 1, 18], [15, 1, 5, 19],    [15, 1, 20],
  [16, 2, 7, 1],        [16, 2],  [16, 2, 6, 3],     [16, 2, 4],  [16, 2, 4, 5],     [16, 2, 6],     [16, 2, 7],[16, 2, 6, 9, 8],  [16, 2, 6, 9], [16, 2, 7, 10],       [16, 11],[16, 2, 7, 1, 12],       [16, 13], [16, 2, 6, 14],       [16, 15],           [16],       [16, 17],    [16, 2, 18],[16, 2, 4, 5, 19], [16, 2, 4, 20],
  [17, 2, 7, 1],        [17, 2],        [17, 3],     [17, 2, 4],     [17, 3, 5],     [17, 2, 6],     [17, 2, 7],[17, 2, 6, 9, 8],  [17, 2, 6, 9], [17, 2, 7, 10], [17, 2, 6, 11],[17, 2, 7, 1, 12],    [17, 2, 13], [17, 2, 6, 14], [17, 2, 4, 15],    [17, 2, 16],           [17],    [17, 2, 18],       [17, 19],       [17, 20],
  [18, 9, 7, 1],     [18, 9, 2],  [18, 9, 6, 3],  [18, 9, 2, 4],     [18, 9, 5],     [18, 9, 6],     [18, 9, 7],     [18, 9, 8],        [18, 9],    [18, 9, 10],       [18, 11],[18, 9, 7, 1, 12], [18, 9, 2, 13],       [18, 14],[18, 9, 2, 4, 15],       [18, 16], [18, 9, 2, 17],           [18],       [18, 19],[18, 9, 2, 4, 20],
[19, 8, 2, 7, 1],     [19, 8, 2],     [19, 8, 3],     [19, 8, 4],     [19, 8, 5],     [19, 8, 6],  [19, 8, 2, 7],        [19, 8],        [19, 9],       [19, 10], [19, 8, 6, 11],       [19, 12],       [19, 13],    [19, 8, 14], [19, 8, 4, 15],       [19, 16], [19, 8, 2, 17],    [19, 8, 18],           [19], [19, 8, 4, 20],
     [20, 7, 1],  [20, 3, 5, 2],        [20, 3],  [20, 3, 5, 4],     [20, 3, 5],        [20, 6],        [20, 7],     [20, 9, 8],        [20, 9],       [20, 10],    [20, 6, 11],       [20, 12],    [20, 3, 13],    [20, 6, 14],[20, 3, 5, 4, 15],       [20, 16],    [20, 3, 17],[20, 3, 5, 2, 18], [20, 3, 5, 19],           [20],
Actual sneaky paths:
Elapsed Time: PT0.003S
-----------------------------------------------------------------------------
Minimum cars seen:
       0,       0,       0,       0,       0,       0,       0,       0,       0,       0,       0,       0,       0,       0,       0,       0,       0,       0,       0,       0,
       0,       0,       0,       0,       0,       0,       0,       0,       0,       0,       0,       0,       0,       0,       0,       0,       0,       0,       0,       0,
       0,       0,       0,       0,       0,       0,       0,       0,       0,       0,       0,       0,       0,       0,       0,       0,       0,       0,       0,       0,
       0,       0,       0,       0,       0,       0,       0,       0,       0,       0,       0,       0,       0,       0,       0,       0,       0,       0,       0,       0,
       0,       0,       0,       0,       0,       0,       0,       0,       0,       0,       0,       0,       0,       0,       0,       0,       0,       0,       0,       0,
       0,       0,       0,       0,       0,       0,       0,       0,       0,       0,       0,       0,       0,       0,       0,       0,       0,       0,       0,       0,
       0,       0,       0,       0,       0,       0,       0,       0,       0,       0,       0,       0,       0,       0,       0,       0,       0,       0,       0,       0,
       0,       0,       0,       0,       0,       0,       0,       0,       0,       0,       0,       0,       0,       0,       0,       0,       0,       0,       0,       0,
       0,       0,       0,       0,       0,       0,       0,       0,       0,       0,       0,       0,       0,       0,       0,       0,       0,       0,       0,       0,
       0,       0,       0,       0,       0,       0,       0,       0,       0,       0,       0,       0,       0,       0,       0,       0,       0,       0,       0,       0,
       0,       0,       0,       0,       0,       0,       0,       0,       0,       0,       0,       0,       0,       0,       0,       0,       0,       0,       0,       0,
       0,       0,       0,       0,       0,       0,       0,       0,       0,       0,       0,       0,       0,       0,       0,       0,       0,       0,       0,       0,
       0,       0,       0,       0,       0,       0,       0,       0,       0,       0,       0,       0,       0,       0,       0,       0,       0,       0,       0,       0,
       0,       0,       0,       0,       0,       0,       0,       0,       0,       0,       0,       0,       0,       0,       0,       0,       0,       0,       0,       0,
       0,       0,       0,       0,       0,       0,       0,       0,       0,       0,       0,       0,       0,       0,       0,       0,       0,       0,       0,       0,
       0,       0,       0,       0,       0,       0,       0,       0,       0,       0,       0,       0,       0,       0,       0,       0,       0,       0,       0,       0,
       0,       0,       0,       0,       0,       0,       0,       0,       0,       0,       0,       0,       0,       0,       0,       0,       0,       0,       0,       0,
       0,       0,       0,       0,       0,       0,       0,       0,       0,       0,       0,       0,       0,       0,       0,       0,       0,       0,       0,       0,
       0,       0,       0,       0,       0,       0,       0,       0,       0,       0,       0,       0,       0,       0,       0,       0,       0,       0,       0,       0,
       0,       0,       0,       0,       0,       0,       0,       0,       0,       0,       0,       0,       0,       0,       0,       0,       0,       0,       0,       0,

Minimum cars seen:
Elapsed Time: PT0.004S
-----------------------------------------------------------------------------
Maximum cars seen:
       0,       0,       0,       0,       0,       0,       0,       0,       0,       0,       0,       0,       0,       0,       0,       0,       0,       0,       0,       0,
       0,       0,       0,       0,       0,       0,       0,       0,       0,       0,       0,       0,       0,       0,       0,       0,       0,       0,       0,       0,
       0,       0,       0,       0,       0,       0,       0,       0,       0,       0,       0,       0,       0,       0,       0,       0,       0,       0,       0,       0,
       0,       0,       0,       0,       0,       0,       0,       0,       0,       0,       0,       0,       0,       0,       0,       0,       0,       0,       0,       0,
       0,       0,       0,       0,       0,       0,       0,       0,       0,       0,       0,       0,       0,       0,       0,       0,       0,       0,       0,       0,
       0,       0,       0,       0,       0,       0,       0,       0,       0,       0,       0,       0,       0,       0,       0,       0,       0,       0,       0,       0,
       0,       0,       0,       0,       0,       0,       0,       0,       0,       0,       0,       0,       0,       0,       0,       0,       0,       0,       0,       0,
       0,       0,       0,       0,       0,       0,       0,       0,       0,       0,       0,       0,       0,       0,       0,       0,       0,       0,       0,       0,
       0,       0,       0,       0,       0,       0,       0,       0,       0,       0,       0,       0,       0,       0,       0,       0,       0,       0,       0,       0,
       0,       0,       0,       0,       0,       0,       0,       0,       0,       0,       0,       0,       0,       0,       0,       0,       0,       0,       0,       0,
       0,       0,       0,       0,       0,       0,       0,       0,       0,       0,       0,       0,       0,       0,       0,       0,       0,       0,       0,       0,
       0,       0,       0,       0,       0,       0,       0,       0,       0,       0,       0,       0,       0,       0,       0,       0,       0,       0,       0,       0,
       0,       0,       0,       0,       0,       0,       0,       0,       0,       0,       0,       0,       0,       0,       0,       0,       0,       0,       0,       0,
       0,       0,       0,       0,       0,       0,       0,       0,       0,       0,       0,       0,       0,       0,       0,       0,       0,       0,       0,       0,
       0,       0,       0,       0,       0,       0,       0,       0,       0,       0,       0,       0,       0,       0,       0,       0,       0,       0,       0,       0,
       0,       0,       0,       0,       0,       0,       0,       0,       0,       0,       0,       0,       0,       0,       0,       0,       0,       0,       0,       0,
       0,       0,       0,       0,       0,       0,       0,       0,       0,       0,       0,       0,       0,       0,       0,       0,       0,       0,       0,       0,
       0,       0,       0,       0,       0,       0,       0,       0,       0,       0,       0,       0,       0,       0,       0,       0,       0,       0,       0,       0,
       0,       0,       0,       0,       0,       0,       0,       0,       0,       0,       0,       0,       0,       0,       0,       0,       0,       0,       0,       0,
       0,       0,       0,       0,       0,       0,       0,       0,       0,       0,       0,       0,       0,       0,       0,       0,       0,       0,       0,       0,

Maximum cars seen:
Elapsed Time: PT0.002S
-----------------------------------------------------------------------------
Average cars seen:
       0,     0.0,     0.0,     0.0,     0.0,     0.0,     0.0,     0.0,     0.0,     0.0,     0.0,     0.0,     0.0,     0.0,     0.0,     0.0,     0.0,     0.0,     0.0,     0.0,
     0.0,       0,     0.0,     0.0,     0.0,     0.0,     0.0,     0.0,     0.0,     0.0,     0.0,     0.0,     0.0,     0.0,     0.0,     0.0,     0.0,     0.0,     0.0,     0.0,
     0.0,     0.0,       0,     0.0,     0.0,     0.0,     0.0,     0.0,     0.0,     0.0,     0.0,     0.0,     0.0,     0.0,     0.0,     0.0,     0.0,     0.0,     0.0,     0.0,
     0.0,     0.0,     0.0,       0,     0.0,     0.0,     0.0,     0.0,     0.0,     0.0,     0.0,     0.0,     0.0,     0.0,     0.0,     0.0,     0.0,     0.0,     0.0,     0.0,
     0.0,     0.0,     0.0,     0.0,       0,     0.0,     0.0,     0.0,     0.0,     0.0,     0.0,     0.0,     0.0,     0.0,     0.0,     0.0,     0.0,     0.0,     0.0,     0.0,
     0.0,     0.0,     0.0,     0.0,     0.0,       0,     0.0,     0.0,     0.0,     0.0,     0.0,     0.0,     0.0,     0.0,     0.0,     0.0,     0.0,     0.0,     0.0,     0.0,
     0.0,     0.0,     0.0,     0.0,     0.0,     0.0,       0,     0.0,     0.0,     0.0,     0.0,     0.0,     0.0,     0.0,     0.0,     0.0,     0.0,     0.0,     0.0,     0.0,
     0.0,     0.0,     0.0,     0.0,     0.0,     0.0,     0.0,       0,     0.0,     0.0,     0.0,     0.0,     0.0,     0.0,     0.0,     0.0,     0.0,     0.0,     0.0,     0.0,
     0.0,     0.0,     0.0,     0.0,     0.0,     0.0,     0.0,     0.0,       0,     0.0,     0.0,     0.0,     0.0,     0.0,     0.0,     0.0,     0.0,     0.0,     0.0,     0.0,
     0.0,     0.0,     0.0,     0.0,     0.0,     0.0,     0.0,     0.0,     0.0,       0,     0.0,     0.0,     0.0,     0.0,     0.0,     0.0,     0.0,     0.0,     0.0,     0.0,
     0.0,     0.0,     0.0,     0.0,     0.0,     0.0,     0.0,     0.0,     0.0,     0.0,       0,     0.0,     0.0,     0.0,     0.0,     0.0,     0.0,     0.0,     0.0,     0.0,
     0.0,     0.0,     0.0,     0.0,     0.0,     0.0,     0.0,     0.0,     0.0,     0.0,     0.0,       0,     0.0,     0.0,     0.0,     0.0,     0.0,     0.0,     0.0,     0.0,
     0.0,     0.0,     0.0,     0.0,     0.0,     0.0,     0.0,     0.0,     0.0,     0.0,     0.0,     0.0,       0,     0.0,     0.0,     0.0,     0.0,     0.0,     0.0,     0.0,
     0.0,     0.0,     0.0,     0.0,     0.0,     0.0,     0.0,     0.0,     0.0,     0.0,     0.0,     0.0,     0.0,       0,     0.0,     0.0,     0.0,     0.0,     0.0,     0.0,
     0.0,     0.0,     0.0,     0.0,     0.0,     0.0,     0.0,     0.0,     0.0,     0.0,     0.0,     0.0,     0.0,     0.0,       0,     0.0,     0.0,     0.0,     0.0,     0.0,
     0.0,     0.0,     0.0,     0.0,     0.0,     0.0,     0.0,     0.0,     0.0,     0.0,     0.0,     0.0,     0.0,     0.0,     0.0,       0,     0.0,     0.0,     0.0,     0.0,
     0.0,     0.0,     0.0,     0.0,     0.0,     0.0,     0.0,     0.0,     0.0,     0.0,     0.0,     0.0,     0.0,     0.0,     0.0,     0.0,       0,     0.0,     0.0,     0.0,
     0.0,     0.0,     0.0,     0.0,     0.0,     0.0,     0.0,     0.0,     0.0,     0.0,     0.0,     0.0,     0.0,     0.0,     0.0,     0.0,     0.0,       0,     0.0,     0.0,
     0.0,     0.0,     0.0,     0.0,     0.0,     0.0,     0.0,     0.0,     0.0,     0.0,     0.0,     0.0,     0.0,     0.0,     0.0,     0.0,     0.0,     0.0,       0,     0.0,
     0.0,     0.0,     0.0,     0.0,     0.0,     0.0,     0.0,     0.0,     0.0,     0.0,     0.0,     0.0,     0.0,     0.0,     0.0,     0.0,     0.0,     0.0,     0.0,       0,

Average cars seen:
Elapsed Time: PT0.003S
-----------------------------------------------------------------------------
Specified Shortest Path: 1,5
[1, 16, 3, 2, 12, 5]
Min path cost: 1
Max path cost: 5
Avg path cost: 2.6
-----------------------------------------------------------------------------
Specified Sneaky Path: 1,5
[1, 5]
Min path cost: 0
Max path cost: 0
Avg path cost: 0.0
-----------------------------------------------------------------------------
Total Running time: PT0.061S
-----------------------------------------------------------------------------
-----------------------------------------------------------------------------
