-----------------------------------------------------------------------------
Hank Fridell
-----------------------------------------------------------------------------
Parsing file: CS404FS16SneakyPathInputN15b.txt
Elapsed Time: PT0.016S
-----------------------------------------------------------------------------
Original:
       0,      NA,      NA,       4,      NA,      10,      NA,       7,       3,      NA,      NA,       9,      NA,      NA,      NA,
      NA,       0,      NA,       4,       2,       5,      NA,       6,      NA,      NA,      NA,      NA,      NA,      NA,      10,
      NA,      NA,       0,      NA,      NA,      NA,       1,      NA,       8,      NA,       7,       8,       5,      NA,       2,
      NA,      NA,      NA,       0,      NA,      NA,       2,      NA,      NA,      NA,      NA,      NA,      NA,      NA,      NA,
       1,      NA,       6,      NA,       0,      NA,      NA,       6,      NA,      NA,      NA,      NA,      NA,      NA,       9,
      NA,      NA,      NA,      NA,      NA,       0,      NA,      10,      NA,      NA,      NA,      NA,      NA,       2,       4,
      NA,      NA,       4,      NA,       6,      NA,       0,      NA,       8,      NA,       4,      NA,       7,      NA,       5,
      NA,       7,      NA,      NA,       3,      NA,       3,       0,      10,      NA,       2,      NA,      NA,      NA,      NA,
       5,      10,       2,      NA,      NA,       4,       8,      NA,       0,      NA,      NA,      NA,      NA,      NA,       8,
      NA,      NA,       4,      NA,      NA,      NA,      NA,      NA,      NA,       0,       1,       4,      NA,      NA,       3,
      NA,      NA,      NA,      NA,       2,      NA,       9,       9,      NA,       4,       0,      NA,       9,      NA,       1,
      NA,      NA,       9,      NA,      NA,      NA,       9,      NA,      NA,       7,       4,       0,      NA,       1,      NA,
      NA,      NA,       1,      NA,       6,       6,       8,      NA,      NA,      NA,      NA,      NA,       0,       3,       5,
      NA,       1,      NA,      NA,       4,       4,       9,      NA,       4,      10,      NA,      NA,      10,       0,       3,
      NA,       5,      NA,       2,       6,      NA,      NA,       2,       7,       5,      NA,       5,      NA,       2,       0,
Elapsed Time: PT0.01S
-----------------------------------------------------------------------------
All pairs shortest paths:
       0,      10,       5,       4,      10,       7,       6,       7,       3,      12,       9,       9,      10,       9,       7,
       3,       0,       8,       4,       2,       5,       6,       6,       6,      12,       8,      12,      13,       7,       9,
       8,       5,       0,       4,       7,       8,       1,       4,       8,       7,       5,       7,       5,       4,       2,
       9,      10,       6,       0,       8,      13,       2,       9,      10,      10,       6,      12,       9,       9,       7,
       1,      11,       6,       5,       0,       8,       7,       6,       4,      12,       8,      10,      11,      10,       8,
       6,       3,       8,       6,       5,       0,       8,       6,       6,       9,       8,       9,      12,       2,       4,
       7,       8,       4,       7,       6,      11,       0,       7,       8,       8,       4,      10,       7,       7,       5,
       4,       6,       7,       5,       3,       9,       3,       0,       7,       6,       2,       8,      10,       5,       3,
       5,       7,       2,       6,       9,       4,       3,       6,       0,       9,       7,       9,       7,       6,       4,
       4,       5,       4,       4,       3,       8,       5,       4,       7,       0,       1,       4,       9,       4,       2,
       3,       4,       8,       3,       2,       7,       5,       3,       6,       4,       0,       6,       9,       3,       1,
       5,       2,       7,       6,       4,       5,       8,       6,       5,       7,       4,       0,      11,       1,       4,
       7,       4,       1,       5,       6,       6,       2,       5,       7,       8,       6,       8,       0,       3,       3,
       4,       1,       6,       5,       3,       4,       7,       5,       4,       8,       7,       8,      10,       0,       3,
       6,       3,       8,       2,       5,       6,       4,       2,       6,       5,       4,       5,      11,       2,       0,
Elapsed Time: PT0.008S
-----------------------------------------------------------------------------
Actual shortest paths:
            [1],[1, 9, 6, 14, 2],      [1, 9, 3],         [1, 4],      [1, 8, 5],      [1, 9, 6],      [1, 4, 7],         [1, 8],         [1, 9],[1, 9, 3, 15, 10],     [1, 8, 11],        [1, 12],  [1, 9, 3, 13],  [1, 9, 6, 14],  [1, 9, 3, 15],
      [2, 5, 1],            [2],      [2, 5, 3],         [2, 4],         [2, 5],         [2, 6],      [2, 4, 7],         [2, 8],   [2, 5, 1, 9], [2, 8, 11, 10],     [2, 8, 11],  [2, 5, 1, 12],  [2, 5, 3, 13],     [2, 6, 14],     [2, 6, 15],
   [3, 7, 5, 1], [3, 15, 14, 2],            [3],     [3, 15, 4],      [3, 7, 5], [3, 15, 14, 6],         [3, 7],     [3, 15, 8],         [3, 9],    [3, 15, 10],     [3, 7, 11],    [3, 15, 12],        [3, 13],    [3, 15, 14],        [3, 15],
   [4, 7, 5, 1],[4, 7, 15, 14, 2],      [4, 7, 3],            [4],      [4, 7, 5],[4, 7, 15, 14, 6],         [4, 7],  [4, 7, 15, 8],      [4, 7, 9], [4, 7, 11, 10],     [4, 7, 11], [4, 7, 15, 12],     [4, 7, 13], [4, 7, 15, 14],     [4, 7, 15],
         [5, 1],[5, 1, 9, 6, 14, 2],         [5, 3],      [5, 1, 4],            [5],   [5, 1, 9, 6],      [5, 3, 7],         [5, 8],      [5, 1, 9], [5, 8, 11, 10],     [5, 8, 11],     [5, 1, 12],     [5, 3, 13],[5, 1, 9, 6, 14],     [5, 3, 15],
[6, 14, 2, 5, 1],     [6, 14, 2],  [6, 14, 9, 3],     [6, 15, 4],  [6, 14, 2, 5],            [6],  [6, 15, 4, 7],     [6, 15, 8],     [6, 14, 9],    [6, 15, 10], [6, 15, 8, 11],    [6, 15, 12],    [6, 14, 13],        [6, 14],        [6, 15],
      [7, 5, 1], [7, 15, 14, 2],         [7, 3],     [7, 15, 4],         [7, 5], [7, 15, 14, 6],            [7],     [7, 15, 8],         [7, 9],    [7, 11, 10],        [7, 11],    [7, 15, 12],        [7, 13],    [7, 15, 14],        [7, 15],
      [8, 5, 1],[8, 11, 15, 14, 2],      [8, 7, 3], [8, 11, 15, 4],         [8, 5],[8, 11, 15, 14, 6],         [8, 7],            [8],   [8, 5, 1, 9],    [8, 11, 10],        [8, 11],[8, 11, 15, 12],     [8, 7, 13],[8, 11, 15, 14],    [8, 11, 15],
         [9, 1],  [9, 6, 14, 2],         [9, 3],  [9, 3, 15, 4],   [9, 3, 7, 5],         [9, 6],      [9, 3, 7],  [9, 3, 15, 8],            [9], [9, 3, 15, 10],  [9, 3, 7, 11], [9, 3, 15, 12],     [9, 3, 13],     [9, 6, 14],     [9, 3, 15],
 [10, 11, 5, 1],[10, 11, 15, 14, 2],        [10, 3],[10, 11, 15, 4],    [10, 11, 5],[10, 11, 15, 14, 6],     [10, 3, 7],[10, 11, 15, 8],[10, 11, 5, 1, 9],           [10],       [10, 11],       [10, 12],    [10, 3, 13],[10, 11, 15, 14],   [10, 11, 15],
     [11, 5, 1],[11, 15, 14, 2],     [11, 5, 3],    [11, 15, 4],        [11, 5],[11, 15, 14, 6], [11, 15, 4, 7],    [11, 15, 8],  [11, 5, 1, 9],       [11, 10],           [11],   [11, 15, 12],       [11, 13],   [11, 15, 14],       [11, 15],
[12, 14, 2, 5, 1],    [12, 14, 2], [12, 14, 9, 3], [12, 14, 2, 4], [12, 14, 2, 5],    [12, 14, 6],[12, 14, 2, 4, 7],[12, 14, 15, 8],    [12, 14, 9],       [12, 10],       [12, 11],           [12],   [12, 14, 13],       [12, 14],   [12, 14, 15],
     [13, 5, 1],    [13, 14, 2],        [13, 3], [13, 3, 15, 4],        [13, 5],        [13, 6],     [13, 3, 7], [13, 3, 15, 8],    [13, 14, 9],[13, 3, 15, 10], [13, 3, 7, 11],[13, 3, 15, 12],           [13],       [13, 14],    [13, 3, 15],
  [14, 2, 5, 1],        [14, 2],     [14, 9, 3],     [14, 2, 4],     [14, 2, 5],        [14, 6],  [14, 2, 4, 7],    [14, 15, 8],        [14, 9],   [14, 15, 10],[14, 15, 8, 11],   [14, 15, 12],       [14, 13],           [14],       [14, 15],
  [15, 8, 5, 1],    [15, 14, 2],  [15, 4, 7, 3],        [15, 4],     [15, 8, 5],    [15, 14, 6],     [15, 4, 7],        [15, 8],    [15, 14, 9],       [15, 10],    [15, 8, 11],       [15, 12], [15, 4, 7, 13],       [15, 14],           [15],
Elapsed Time: PT0.005S
-----------------------------------------------------------------------------
Original flow Matrix:
       0,       5,       0,       3,       2,       9,       6,       3,      10,       5,       2,       7,      10,       4,       4,
       4,       0,       0,       2,       3,       6,       0,       4,       7,       2,       4,       0,       3,       5,       8,
       6,       3,       0,       3,       7,       9,       9,       9,       8,       0,       1,       5,       3,       2,       2,
       5,       2,       9,       0,       5,       0,       2,      10,      94,       6,       3,       5,       7,       8,      95,
      10,       0,       2,      10,       0,       4,       7,      90,       0,       5,       8,       5,       0,       6,       0,
       6,       4,       3,       2,       9,       0,       1,       0,       4,       2,       3,       5,       0,       7,       4,
       9,       0,       8,       0,       7,       9,       0,      99,       0,       4,       2,      93,      10,       3,       1,
       3,       0,       9,       8,       2,      99,       7,       0,       9,       9,      10,       0,       0,       9,       9,
       2,       9,       5,       3,       6,      10,       7,       7,       0,       7,      10,       2,       6,       8,       6,
      10,       6,       6,       5,       0,       4,       2,       1,       9,       0,       1,       4,       5,      98,       9,
      92,       7,       5,       2,       1,       6,       9,       8,       6,       8,       0,      90,       3,       3,       5,
       9,       2,      92,       4,      10,      99,       4,       3,       1,       8,       5,       0,       9,      97,       6,
      10,       3,       3,      10,       2,       6,       1,       4,       0,       3,       8,       7,       0,       6,      90,
       4,       3,       6,      97,       4,       0,       8,      10,       5,       2,      10,       5,       0,       0,       6,
       8,       8,       6,       3,       8,       0,       3,       8,       2,       2,       8,       9,       1,       8,       0,
Elapsed Time: PT0.003S
-----------------------------------------------------------------------------
Edge Traffic:
       0,      NA,      NA,      19,      NA,       0,      NA,       7,      88,      NA,      NA,      12,      NA,      NA,      NA,
      NA,       0,      NA,     115,      59,      19,      NA,      10,      NA,      NA,      NA,      NA,      NA,      NA,       0,
      NA,      NA,       0,      NA,      NA,      NA,      64,      NA,       8,      NA,       0,       0,      27,      NA,     181,
      NA,      NA,      NA,       0,      NA,      NA,     289,      NA,      NA,      NA,      NA,      NA,      NA,      NA,      NA,
     232,      NA,      17,      NA,       0,      NA,      NA,     103,      NA,      NA,      NA,      NA,      NA,      NA,       0,
      NA,      NA,      NA,      NA,      NA,       0,      NA,       0,      NA,      NA,      NA,      NA,      NA,      70,      25,
      NA,      NA,      32,      NA,      45,      NA,       0,      NA,      94,      NA,      34,      NA,      18,      NA,     325,
      NA,       0,      NA,      NA,      32,      NA,      16,       0,       0,      NA,     186,      NA,      NA,      NA,      NA,
       2,       0,     179,      NA,      NA,      55,       0,      NA,       0,      NA,      NA,      NA,      NA,      NA,       0,
      NA,      NA,      13,      NA,      NA,      NA,      NA,      NA,      NA,       0,     143,       4,      NA,      NA,       0,
      NA,      NA,      NA,      NA,     123,      NA,       0,       0,      NA,      34,       0,      NA,       3,      NA,     378,
      NA,      NA,       0,      NA,      NA,      NA,       0,      NA,      NA,       8,       5,       0,      NA,     336,      NA,
      NA,      NA,     126,      NA,      12,       6,       0,      NA,      NA,      NA,      NA,      NA,       0,       9,       0,
      NA,     207,      NA,      NA,       0,     226,       0,      NA,     113,       0,      NA,      NA,       9,       0,      42,
      NA,       0,      NA,      56,       0,      NA,      NA,     196,       0,      21,      NA,     221,      NA,     286,       0,

Elapsed Time: PT0.003S
-----------------------------------------------------------------------------
All pairs sneaky paths:
       0,       0,      12,      19,       0,       0,       0,       0,       0,      20,      12,      12,      15,      24,       0,
       2,       0,      14,      21,       0,       2,       0,       2,       0,      21,      14,      14,      17,      26,       0,
       2,       0,       0,      21,       0,       2,       0,       0,       0,       8,       0,       0,       3,      12,       0,
     309,     307,     320,       0,     307,     309,     289,     309,     307,     316,     320,     320,     307,     316,     307,
       2,       0,      14,      21,       0,       2,       0,       2,       0,      21,      14,      14,      17,      26,       0,
       2,       0,      14,      21,       0,       0,       0,       0,       0,      21,      14,      14,      17,      26,       0,
      20,      18,      31,      39,      18,      20,       0,      20,      18,      27,      31,      31,      18,      27,      18,
       2,       0,      14,      21,       0,       2,       0,       0,       0,      21,      14,      14,      17,      26,       0,
       2,       0,      14,      21,       0,       2,       0,       2,       0,      21,      14,      14,      17,      26,       0,
       2,       0,       4,      21,       0,       2,       0,       2,       0,       0,       4,       4,       7,      16,       0,
       2,       0,      14,      21,       0,       2,       0,       0,       0,      12,       0,      14,       3,      12,       0,
       2,       0,       0,      21,       0,       2,       0,       0,       0,       8,       0,       0,       3,      12,       0,
       2,       0,      13,      21,       0,       2,       0,       2,       0,       9,      13,      13,       0,       9,       0,
       2,       0,       4,      21,       0,       2,       0,       2,       0,       0,       4,       4,       7,       0,       0,
       2,       0,      14,      21,       0,       2,       0,       2,       0,      21,      14,      14,      17,      26,       0,
Elapsed Time: PT0.004S
-----------------------------------------------------------------------------
Total Running time: PT0.051S
-----------------------------------------------------------------------------
-----------------------------------------------------------------------------
