-----------------------------------------------------------------------------
Hank Fridell
-----------------------------------------------------------------------------
Parsing file: CS404FS16SneakyPathInputN35a.txt
Elapsed Time: PT0.029S
-----------------------------------------------------------------------------
Original:
       0      NA      NA      93      NA      NA       3      NA      NA      NA      92       2      NA       2      NA      NA      NA      NA      NA      NA      NA      NA      NA      NA      NA      NA      NA      95      NA      NA      NA      NA      NA      NA      NA
       4       0      NA      NA      92      NA      NA       2      NA       3      NA      NA       3      90      94      NA      NA      NA      NA       2      NA      NA      NA      NA      NA      NA      NA      96      NA      NA      NA      NA      NA      NA      NA
      NA      NA       0      NA      NA      99       2      NA      NA      NA      NA      NA      NA      97      94      NA      NA      NA      NA      93      NA      NA      NA      NA      NA      90      NA      NA      NA      NA      NA      NA       3      96      NA
      NA      NA      93       0      95      98      NA      NA      NA      97      NA      NA      NA      91      NA      NA       2      NA      99      NA      NA      NA      92      NA      NA      NA       3       3      NA      NA      NA      NA      NA      NA      NA
      NA      NA      NA      NA       0      99      93      NA      NA      NA      94      NA      NA      99      91      NA      97      NA      NA      NA      NA      NA      NA      NA      NA      NA      NA       4      NA       2      NA      NA       3      97      NA
      NA      NA      NA      NA      NA       0      NA      98      NA      NA       2      NA      NA      NA      NA      98      NA      NA      94      NA      NA      98       4      NA      NA      NA      NA      NA      NA       4      NA      NA      96      NA      NA
      NA      NA      NA       2      NA      96       0      NA      NA      95      NA      90      NA      NA      NA      NA      NA      NA      NA      NA      NA      95      NA      NA      NA      NA      NA      NA      NA      NA      NA      98      NA      NA       2
      NA      NA      NA      NA      NA      NA      NA       0      NA      94      NA      NA      NA      NA      NA      NA      NA      NA      NA      NA       3      NA      NA      NA      NA       2      NA      NA      NA      90      NA      NA      NA      NA       5
      91      NA      NA      NA      NA      NA      NA      97       0      NA      NA      NA      NA      95      96      99      NA      91      91      NA      NA      NA       2      NA       2      NA       5      NA      NA      NA      NA      NA      NA      NA      NA
       4      NA      91      NA      NA      NA      NA      NA      99       0      NA      90      NA      NA      NA      NA      NA      96      NA      NA      NA      NA       3      NA      NA      NA      NA      91      NA       5      NA      NA       4      NA      NA
      NA      NA       3      NA      NA      NA      NA      NA      NA      NA       0      NA      92       3      NA      NA      NA      NA      94      NA      NA      NA      NA      NA      NA      NA      NA      NA      NA      NA      NA      NA      NA      NA      NA
      NA      96      NA      NA      NA      NA      NA      NA      NA      90      NA       0      NA      NA      NA      NA      NA      NA      NA      NA      NA      NA      NA      NA      NA      NA      NA      NA      NA      NA      NA      NA      92      99      95
       3      98      NA      NA      NA      92      NA      NA      96      NA      96      NA       0       2      NA      NA       5      NA      NA      NA      NA      NA      NA      NA      NA      NA      NA      NA      NA      NA      NA      NA      NA      NA      NA
      NA      NA      NA      NA       2      93      96      NA      94      NA      90      NA      NA       0      NA      NA      96      NA      NA      NA      NA      NA      NA      NA       5      99      94      NA      NA      NA      99      NA      NA      NA      NA
      NA      NA      NA      NA       3      NA      NA      NA      NA      NA      NA      NA      NA      NA       0      NA      NA      NA      93      NA      NA      NA      NA       5      NA      90      NA      NA      NA      NA      NA       4      NA      NA      96
      99       4      NA      NA      NA      NA      NA      NA      NA       4      92       3      NA      NA      99       0      NA      NA      96      NA       5      NA      96      94      NA      NA      99      NA      NA       5      NA      NA       4      NA      NA
       5      NA      93      92      NA      NA      NA      NA      NA      NA      NA      92      NA      NA      NA      NA       0      NA      NA      NA      NA      NA       2      NA      96      NA      NA      NA      NA      NA      91      NA      NA      92      NA
      NA      NA      NA       3      NA      NA      NA      NA      NA      NA      NA      NA       5      NA      NA      NA      96       0      NA      NA      NA       4      NA      NA      NA      NA      NA      NA      NA      94      NA      NA      NA      91      NA
      NA      NA      NA      NA      95      93      95      91      NA      NA      NA      NA      NA      NA      NA      NA      NA      NA       0      NA      NA      NA      98      NA      NA      NA      NA      NA      94       5      NA      NA      NA      NA      NA
      97      NA      NA      NA      NA      NA      NA      99      NA      NA      NA      NA      NA      NA      NA      NA       3      NA       4       0      97      NA      NA      NA      93      90      NA      NA       4      NA       5      NA      NA      90      NA
      NA      NA      NA       4      NA      NA      NA      NA      91      NA      NA      NA      NA      NA       3       3      99      NA      NA      NA       0       2      NA      NA      NA      NA      NA      NA      NA      NA      NA      90      NA      95      NA
      NA      91      NA      NA      NA      NA      NA      NA      NA      NA      97      97      NA      NA      NA      NA      NA       4      NA      NA      NA       0       4      93       3      NA      NA      NA      NA      NA      NA      NA       2      NA      92
      97       5      NA      NA       5      NA      92      99      NA      NA       3      NA      NA       3      NA      NA      NA       5      NA      NA      NA      95       0      95      90      91      NA      NA      99      NA      NA      NA      NA       2       3
      NA      93       4       2      NA      NA      NA      NA      NA      NA      NA      NA      NA       4      NA      NA      96      98       2       3      NA      NA      NA       0      NA      91      NA      NA      98      97      NA      NA      NA      NA       2
      NA      NA      NA      91      96      NA      99      NA      NA      NA      NA      NA      92      NA      97      NA      NA      NA      NA      NA      99      NA      NA      99       0      NA      96      NA      NA      NA      96      NA      NA      93      90
      NA       4      NA      NA      NA      NA       4      NA      NA      NA       4      NA      NA      NA       4      NA      NA      NA      NA      NA      NA      NA       5      NA      NA       0      91       5      NA       4      NA      NA      NA      NA      90
      NA      NA      NA       2      NA      NA      93      NA      NA      NA      91      NA      NA      NA      NA      NA      91      NA      NA      NA      91      97      NA      NA      NA      NA       0      NA      NA      NA      NA       5      NA      NA      NA
      NA      NA      NA      NA      NA      NA      94      NA      NA      92      NA      NA      NA      NA      NA      NA      95      NA      NA      NA      NA      90       3      96      NA      94      NA       0      NA      NA      91      NA      91      NA      NA
      NA      90      NA      NA      NA      NA      NA      NA      NA      91      97      98      NA      NA       4       4      NA      NA      NA      NA      NA       2      NA      NA      98      NA      NA      NA       0      NA      NA      NA       5      NA      90
      NA      NA      93      NA      NA      NA      NA      NA      99      NA       4      95      NA      NA      NA      90      NA      NA      NA      NA      NA      NA      NA      NA      90      NA      NA      NA      NA       0      NA      94      NA      NA      NA
      91      93      96      NA      NA      NA      NA      NA      97       4      NA      NA      94      NA      NA      NA      NA      NA      NA       5      NA      NA      91      99      95      NA      NA      99      NA      91       0      NA      NA      NA      NA
      NA      NA      97      NA      NA      NA      NA      NA      NA      96      NA      NA      NA      NA      NA      NA      NA       4      97      NA      NA      98      90      NA      NA      99      NA      NA      96       4       5       0      NA      NA      NA
      NA      92      NA       3      NA      NA      NA      NA       5      NA      NA      NA      NA      90       4       4      NA      91      NA      NA      NA      NA      NA      NA      NA      NA      NA      NA      NA      NA      NA      99       0      NA      NA
      NA      NA      NA      NA      99      NA       4      94      NA       3      NA      NA      NA      NA      NA      NA      NA       2      91      NA      NA      NA      NA      NA      NA      NA      NA      93      NA      NA      99      NA      98       0      NA
      NA      NA      NA      NA      NA       4      NA      NA      NA      NA      NA      NA      NA      NA      NA      NA      NA      NA      NA      90      NA      NA      96      NA      NA      NA      97      NA      NA      94      NA      NA      NA      NA       0
Elapsed Time: PT0.026S
-----------------------------------------------------------------------------
All pairs shortest paths:
       0      14      13       5       4       9       3      16      12      14      10       2      17       2      11      11       7      13      18      16      16      17       9      16       7      18       8       8      20       6      18      13       7      11       5
       4       0      11       9       7      11       7       2      12       3       8       6       3       5       8       8       5      10       6       2       5       7       6      13      10       4      12       9       6       8       7      12       7       8       7
      11      11       0       4      10       8       2      13       8      11      10      10      14      11       7       7       6      12      14      13      12      14       8      12      10      15       7       7      17      12      16      11       3      10       4
       7       9      10       0       9      11      10      11      17       9       7       9      12       7      16      16       2       8      15      11      14      12       4      21      12      13       3       3      15      11      13       8      12       6       7
      13      11       9       6       0      14      11      13       8      11       6      10      14       9       7       7       8      11      14      13      12      14       7      12      10      15       9       4      17       2      16      11       3       9      10
      13       9       5       9       7       0       7      11      13       9       2      15      12       5      12      12      11       8      15      11      14      12       4      17      10      13      12      11      15       4      16      16       8       6       7
       9      11      11       2      11       6       0      13      19      11       8      11      14       9      18      18       4      10      17      13      16      14       6      23      14      15       5       5      17      10      15      10      14       8       2
      10       6       9       7       9       9       6       0      12       9       6       9       9       9       6       6       9       9      12       8       3       5       7      11       8       2      10       7      12       6      13      10       7       9       5
      11       7       8       7       7       9       8       9       0       7       5      13      10       5      14      14       9       6      13       9      12      10       2      19       2      11       5      10      13       9      14      10      10       4       5
       4       8       9       7       8      10       7      10       9       0       6       6      11       6       8       8       9       7      14      10      13      11       3      13      11      12      10      10      14       5      15      12       4       5       6
      14      14       3       7       5      11       5      16      11      14       0      13      17       3      10      10       9      15      17      16      15      17      11      15       8      18      10       9      20       7      19      14       6      13       7
      94      96      99      95      98      99      97      98      97      90      96       0      99      96      96      96      97      97     102      98     101     101      93     101      99     100      98      98     102      95     103     100      92      95      95
       3      12      13       8       4      12       6      14      12      12      10       5       0       2      11      11       5      11      18      14      16      15       7      16       7      16      11       8      18       6      19      15       7       9       8
      15      13      11       8       2      16      13      15      10      13       8      12      16       0       9       9      10      13      16      15      14      16       9      14       5      17      11       6      19       4      18      13       5      11      12
      14      14       9       7       3      11      11      16      11      13       9      13      13       9       0      10       9       8       7       8      15      12      10       5      13      18      10       7      12       5       9       4       6      12       7
       8       4      12       7      11      14      11       6       9       4       9       3       7       9       8       0       9      11      10       6       5       7       7      13      10       8      10      10      10       5      11      12       4       9      10
       5       7       8       9       7       9       8       9      15       7       5       7      10       5      14      14       0       6      13       9      12      10       2      19      10      11      12      11      13       9      14      17      10       4       5
       8      12      13       3       9      14      11      14      11      12      10      10       5       7      10      10       5       0      17      14      15       4       7      15       7      16       6       6      18      11      16      11       6       9      10
      23      23      12      16      14      20      14      25      20      23       9      22      26      12      19      19      18      24       0      25      24      26      20      24      17      27      19      18      29       5      28      23      15      22      16
       8      10      11      11      10      12      11      12      13       9       8      10      13       8       8       8       3       9       4       0      13       6       5      13       9      14      14      14       4       9       5      12       8       7       8
      11       7      12       4       6      13      12       9       9       7       9       6      10       9       3       3       6       6      10       9       0       2       6       8       5      11       7       7      13       8      12       7       4       8       9
      12       9      10       5       9      11      10      11       7       9       7       9       9       7       6       6       7       4      13      11      11       0       4      11       3      13       8       8      15      11      15      10       2       6       7
       9       5       6       7       5       7       6       7      13       5       3      11       8       3      12      12       9       4      11       7      10       8       0      17       8       9      10       9      11       7      12      15       8       2       3
       9      11       4       2       6       6       6      13      12      11       8      11      14       4      11      11       4      10       2       3      16       9       6       0       9      15       5       5       7       7       8      10       7       8       2
      95     100      99      91      96      94      97     102     104      96      96      97      92      94      97     102      93      95     101     101      99      99      95      99       0     104      94      94     105      98      96      99      99      93      90
       8       4       7       6       7      10       4       6      15       7       4      10       7       7       4      12       8       9      10       6       9      11       5       9      12       0       9       5      10       4      11       8      10       7       6
       9      11      12       2      11      13      12      13      19      11       9      11      14       9      18      18       4       9      17      13      16      13       6      23      14      15       0       5      17       9      10       5      14       8       9
      12       8       9      10       8      10       9      10      16       8       6      14      11       6      15      15      12       7      14      10      13      11       3      20      11      12      13       0      14      10      15      18      11       5       6
      12       8      12       7       7      13      12      10       9       8       9       7      11       9       4       4       9       6      11      10       9       2       6       9       5      12      10      10       0       9      13       8       4       8       9
      18      18       7      11       9      15       9      20      15      18       4      17      21       7      14      14      13      19      21      20      19      21      15      19      12      22      14      13      24       0      23      18      10      17      11
       8      12      13      11      12      14      11      14      13       4      10      10      15      10      12      12       8      11       9       5      17      11       7      17      14      16      14      14       9       9       0      16       8       9      10
      12      16      11       7      13      18      13      18      15       9       8      14       9      11      14      14       9       4      14      10      19       8      11      19      11      20      10      10      14       4       5       0      10      13      14
      10       8      13       3       7      14      13      10       5       8      10       7      11      10       4       4       5      11      11      10       9      11       7       9       7      12       6       6      14       9      13       8       0       9      10
       7      11      12       5      11      10       4      13      12       3       9       9       7       9      11      11       7       2      17      13      16       6       6      16       9      15       8       8      17       8      18      13       7       0       6
      17      13       9      13      11       4      11      15      17      13       6      19      16       9      16      16      15      12      19      15      18      16       8      21      14      17      16      15      19       8      20      20      12      10       0
Elapsed Time: PT0.022S
-----------------------------------------------------------------------------
Actual shortest paths:
            [1][1, 7, 4, 17, 23, 2][1, 14, 5, 30, 11, 3]      [1, 7, 4]     [1, 14, 5]  [1, 7, 35, 6]         [1, 7][1, 7, 4, 17, 23, 2, 8][1, 14, 5, 33, 9][1, 7, 4, 17, 23, 34, 10][1, 14, 5, 30, 11]        [1, 12][1, 7, 4, 17, 23, 2, 13]        [1, 14][1, 14, 5, 33, 15][1, 14, 5, 33, 16]  [1, 7, 4, 17][1, 7, 4, 17, 23, 34, 18][1, 14, 5, 33, 15, 24, 19][1, 7, 4, 17, 23, 2, 20][1, 14, 5, 33, 16, 21][1, 7, 4, 17, 23, 34, 18, 22][1, 7, 4, 17, 23][1, 14, 5, 33, 15, 24]    [1, 14, 25][1, 7, 4, 17, 23, 2, 8, 26]  [1, 7, 4, 27]  [1, 7, 4, 28][1, 7, 4, 17, 23, 2, 20, 29] [1, 14, 5, 30][1, 7, 4, 27, 32, 31][1, 7, 4, 27, 32] [1, 14, 5, 33][1, 7, 4, 17, 23, 34]     [1, 7, 35]
         [2, 1]            [2][2, 8, 26, 11, 3]   [2, 1, 7, 4] [2, 13, 14, 5]  [2, 8, 35, 6]      [2, 1, 7]         [2, 8] [2, 10, 33, 9]        [2, 10] [2, 8, 26, 11]     [2, 1, 12]        [2, 13]    [2, 13, 14] [2, 8, 21, 15] [2, 8, 21, 16]    [2, 20, 17][2, 10, 23, 34, 18]    [2, 20, 19]        [2, 20]     [2, 8, 21] [2, 8, 21, 22]    [2, 10, 23][2, 8, 21, 15, 24][2, 13, 14, 25]     [2, 8, 26][2, 1, 7, 4, 27] [2, 8, 26, 28]    [2, 20, 29]    [2, 10, 30]    [2, 20, 31][2, 8, 21, 15, 32]    [2, 10, 33][2, 10, 23, 34]     [2, 8, 35]
[3, 7, 4, 17, 1] [3, 33, 16, 2]            [3]      [3, 7, 4] [3, 33, 15, 5]  [3, 7, 35, 6]         [3, 7][3, 33, 16, 2, 8]     [3, 33, 9][3, 33, 16, 10][3, 7, 35, 6, 11][3, 33, 16, 12][3, 33, 16, 2, 13][3, 7, 4, 17, 23, 14]    [3, 33, 15]    [3, 33, 16]  [3, 7, 4, 17][3, 7, 4, 17, 23, 34, 18][3, 33, 15, 24, 19][3, 33, 16, 2, 20][3, 33, 16, 21][3, 33, 16, 21, 22][3, 7, 4, 17, 23][3, 33, 15, 24] [3, 33, 9, 25][3, 33, 16, 2, 8, 26]  [3, 7, 4, 27]  [3, 7, 4, 28][3, 33, 16, 2, 20, 29][3, 33, 15, 5, 30][3, 33, 15, 32, 31][3, 33, 15, 32]        [3, 33][3, 7, 4, 17, 23, 34]     [3, 7, 35]
     [4, 17, 1] [4, 17, 23, 2][4, 17, 23, 11, 3]            [4] [4, 17, 23, 5][4, 17, 23, 35, 6]  [4, 17, 1, 7][4, 17, 23, 2, 8][4, 17, 23, 5, 33, 9][4, 17, 23, 34, 10][4, 17, 23, 11] [4, 17, 1, 12][4, 17, 23, 2, 13][4, 17, 23, 14][4, 17, 23, 5, 33, 15][4, 17, 23, 5, 33, 16]        [4, 17][4, 17, 23, 34, 18][4, 17, 23, 2, 20, 19][4, 17, 23, 2, 20][4, 17, 23, 2, 8, 21][4, 17, 23, 34, 18, 22]    [4, 17, 23][4, 17, 23, 5, 33, 15, 24][4, 17, 23, 14, 25][4, 17, 23, 2, 8, 26]        [4, 27]        [4, 28][4, 17, 23, 2, 20, 29][4, 17, 23, 5, 30][4, 27, 32, 31]    [4, 27, 32][4, 17, 23, 5, 33][4, 17, 23, 34][4, 17, 23, 35]
[5, 33, 4, 17, 1] [5, 33, 16, 2] [5, 30, 11, 3]     [5, 33, 4]            [5][5, 28, 23, 35, 6][5, 30, 11, 3, 7][5, 33, 16, 2, 8]     [5, 33, 9][5, 33, 16, 10]    [5, 30, 11][5, 33, 16, 12][5, 33, 16, 2, 13][5, 30, 11, 14]    [5, 33, 15]    [5, 33, 16] [5, 33, 4, 17][5, 28, 23, 34, 18][5, 33, 15, 24, 19][5, 33, 16, 2, 20][5, 33, 16, 21][5, 33, 16, 21, 22]    [5, 28, 23][5, 33, 15, 24] [5, 33, 9, 25][5, 33, 16, 2, 8, 26] [5, 33, 4, 27]        [5, 28][5, 33, 16, 2, 20, 29]        [5, 30][5, 33, 15, 32, 31][5, 33, 15, 32]        [5, 33][5, 28, 23, 34][5, 28, 23, 35]
  [6, 23, 2, 1]     [6, 23, 2]     [6, 11, 3][6, 11, 3, 7, 4] [6, 11, 14, 5]            [6]  [6, 11, 3, 7]  [6, 23, 2, 8][6, 11, 3, 33, 9][6, 23, 34, 10]        [6, 11][6, 23, 2, 1, 12] [6, 23, 2, 13]    [6, 11, 14][6, 11, 3, 33, 15][6, 11, 3, 33, 16][6, 11, 3, 7, 4, 17][6, 23, 34, 18][6, 23, 2, 20, 19] [6, 23, 2, 20][6, 23, 2, 8, 21][6, 23, 34, 18, 22]        [6, 23][6, 11, 3, 33, 15, 24][6, 11, 14, 25][6, 23, 2, 8, 26][6, 11, 3, 7, 4, 27][6, 11, 14, 5, 28][6, 23, 2, 20, 29]        [6, 30][6, 23, 2, 20, 31][6, 11, 3, 33, 15, 32] [6, 11, 3, 33]    [6, 23, 34]    [6, 23, 35]
  [7, 4, 17, 1][7, 4, 17, 23, 2][7, 35, 6, 11, 3]         [7, 4][7, 4, 17, 23, 5]     [7, 35, 6]            [7][7, 4, 17, 23, 2, 8][7, 4, 17, 23, 5, 33, 9][7, 4, 17, 23, 34, 10] [7, 35, 6, 11][7, 4, 17, 1, 12][7, 4, 17, 23, 2, 13][7, 4, 17, 23, 14][7, 4, 17, 23, 5, 33, 15][7, 4, 17, 23, 5, 33, 16]     [7, 4, 17][7, 4, 17, 23, 34, 18][7, 4, 17, 23, 2, 20, 19][7, 4, 17, 23, 2, 20][7, 4, 17, 23, 2, 8, 21][7, 4, 17, 23, 34, 18, 22] [7, 4, 17, 23][7, 4, 17, 23, 5, 33, 15, 24][7, 4, 17, 23, 14, 25][7, 4, 17, 23, 2, 8, 26]     [7, 4, 27]     [7, 4, 28][7, 4, 17, 23, 2, 20, 29] [7, 35, 6, 30][7, 4, 27, 32, 31] [7, 4, 27, 32][7, 4, 17, 23, 5, 33][7, 4, 17, 23, 34]        [7, 35]
  [8, 26, 2, 1]     [8, 26, 2] [8, 26, 11, 3]     [8, 21, 4] [8, 21, 15, 5]     [8, 35, 6]     [8, 26, 7]            [8][8, 21, 22, 33, 9] [8, 26, 2, 10]    [8, 26, 11][8, 21, 16, 12] [8, 26, 2, 13][8, 26, 11, 14]    [8, 21, 15]    [8, 21, 16] [8, 21, 4, 17][8, 21, 22, 18][8, 26, 2, 20, 19] [8, 26, 2, 20]        [8, 21]    [8, 21, 22]    [8, 26, 23][8, 21, 15, 24][8, 21, 22, 25]        [8, 26] [8, 21, 4, 27]    [8, 26, 28][8, 26, 2, 20, 29]    [8, 26, 30][8, 26, 2, 20, 31][8, 21, 15, 32][8, 21, 22, 33][8, 26, 23, 34]        [8, 35]
  [9, 23, 2, 1]     [9, 23, 2] [9, 23, 11, 3]     [9, 27, 4]     [9, 23, 5] [9, 23, 35, 6] [9, 23, 34, 7]  [9, 23, 2, 8]            [9][9, 23, 34, 10]    [9, 23, 11][9, 23, 2, 1, 12] [9, 23, 2, 13]    [9, 23, 14][9, 23, 5, 33, 15][9, 23, 5, 33, 16] [9, 27, 4, 17][9, 23, 34, 18][9, 23, 2, 20, 19] [9, 23, 2, 20][9, 23, 2, 8, 21][9, 23, 34, 18, 22]        [9, 23][9, 23, 5, 33, 15, 24]        [9, 25][9, 23, 2, 8, 26]        [9, 27] [9, 27, 4, 28][9, 23, 2, 20, 29] [9, 23, 5, 30][9, 23, 2, 20, 31]    [9, 27, 32] [9, 23, 5, 33]    [9, 23, 34]    [9, 23, 35]
        [10, 1]    [10, 23, 2][10, 23, 11, 3]    [10, 33, 4] [10, 1, 14, 5][10, 23, 35, 6]     [10, 1, 7] [10, 23, 2, 8]    [10, 33, 9]           [10]   [10, 23, 11]    [10, 1, 12][10, 23, 2, 13]    [10, 1, 14]   [10, 33, 15]   [10, 33, 16][10, 33, 4, 17][10, 23, 34, 18][10, 23, 2, 20, 19][10, 23, 2, 20][10, 23, 2, 8, 21][10, 23, 34, 18, 22]       [10, 23][10, 33, 15, 24][10, 1, 14, 25][10, 23, 2, 8, 26][10, 33, 4, 27][10, 33, 4, 28][10, 23, 2, 20, 29]       [10, 30][10, 23, 2, 20, 31][10, 33, 15, 32]       [10, 33]   [10, 23, 34]   [10, 23, 35]
[11, 3, 7, 4, 17, 1][11, 3, 33, 16, 2]        [11, 3]  [11, 3, 7, 4]    [11, 14, 5][11, 3, 7, 35, 6]     [11, 3, 7][11, 3, 33, 16, 2, 8] [11, 3, 33, 9][11, 3, 33, 16, 10]           [11][11, 3, 33, 16, 12][11, 3, 33, 16, 2, 13]       [11, 14][11, 3, 33, 15][11, 3, 33, 16][11, 3, 7, 4, 17][11, 3, 7, 4, 17, 23, 34, 18][11, 3, 33, 15, 24, 19][11, 3, 33, 16, 2, 20][11, 3, 33, 16, 21][11, 3, 33, 16, 21, 22][11, 3, 7, 4, 17, 23][11, 3, 33, 15, 24]   [11, 14, 25][11, 3, 33, 16, 2, 8, 26][11, 3, 7, 4, 27][11, 14, 5, 28][11, 3, 33, 16, 2, 20, 29][11, 14, 5, 30][11, 3, 33, 15, 32, 31][11, 3, 33, 15, 32]    [11, 3, 33][11, 3, 7, 4, 17, 23, 34] [11, 3, 7, 35]
    [12, 10, 1]        [12, 2][12, 10, 23, 11, 3]    [12, 33, 4][12, 10, 1, 14, 5]    [12, 35, 6] [12, 10, 1, 7]     [12, 2, 8]    [12, 33, 9]       [12, 10][12, 10, 23, 11]           [12]    [12, 2, 13][12, 10, 1, 14]   [12, 33, 15]   [12, 33, 16][12, 33, 4, 17][12, 10, 23, 34, 18][12, 2, 20, 19]    [12, 2, 20] [12, 2, 8, 21][12, 10, 23, 34, 18, 22]   [12, 10, 23][12, 33, 15, 24][12, 33, 9, 25] [12, 2, 8, 26][12, 33, 4, 27][12, 33, 4, 28][12, 2, 20, 29]   [12, 10, 30][12, 2, 20, 31][12, 33, 15, 32]       [12, 33][12, 10, 23, 34]       [12, 35]
        [13, 1][13, 17, 23, 2][13, 17, 23, 11, 3]  [13, 1, 7, 4]    [13, 14, 5][13, 1, 7, 35, 6]     [13, 1, 7][13, 17, 23, 2, 8][13, 14, 5, 33, 9][13, 17, 23, 34, 10][13, 17, 23, 11]    [13, 1, 12]           [13]       [13, 14][13, 14, 5, 33, 15][13, 14, 5, 33, 16]       [13, 17][13, 17, 23, 34, 18][13, 17, 23, 2, 20, 19][13, 17, 23, 2, 20][13, 14, 5, 33, 16, 21][13, 17, 23, 34, 18, 22]   [13, 17, 23][13, 14, 5, 33, 15, 24]   [13, 14, 25][13, 17, 23, 2, 8, 26][13, 1, 7, 4, 27][13, 14, 5, 28][13, 17, 23, 2, 20, 29][13, 14, 5, 30][13, 17, 23, 2, 20, 31][13, 14, 5, 33, 15, 32][13, 14, 5, 33][13, 17, 23, 34] [13, 1, 7, 35]
[14, 5, 33, 4, 17, 1][14, 5, 33, 16, 2][14, 5, 30, 11, 3] [14, 5, 33, 4]        [14, 5][14, 5, 28, 23, 35, 6][14, 5, 30, 11, 3, 7][14, 5, 33, 16, 2, 8] [14, 5, 33, 9][14, 5, 33, 16, 10][14, 5, 30, 11][14, 5, 33, 16, 12][14, 5, 33, 16, 2, 13]           [14][14, 5, 33, 15][14, 5, 33, 16][14, 5, 33, 4, 17][14, 5, 28, 23, 34, 18][14, 5, 33, 15, 24, 19][14, 5, 33, 16, 2, 20][14, 5, 33, 16, 21][14, 5, 33, 16, 21, 22][14, 5, 28, 23][14, 5, 33, 15, 24]       [14, 25][14, 5, 33, 16, 2, 8, 26][14, 5, 33, 4, 27]    [14, 5, 28][14, 5, 33, 16, 2, 20, 29]    [14, 5, 30][14, 5, 33, 15, 32, 31][14, 5, 33, 15, 32]    [14, 5, 33][14, 5, 28, 23, 34][14, 5, 28, 23, 35]
[15, 24, 4, 17, 1][15, 5, 33, 16, 2]    [15, 24, 3]    [15, 24, 4]        [15, 5][15, 24, 35, 6] [15, 24, 3, 7][15, 5, 33, 16, 2, 8] [15, 5, 33, 9][15, 32, 31, 10][15, 5, 30, 11][15, 5, 33, 16, 12][15, 32, 18, 13]   [15, 24, 14]           [15][15, 5, 33, 16][15, 24, 4, 17]   [15, 32, 18]   [15, 24, 19]   [15, 24, 20][15, 5, 33, 16, 21][15, 32, 18, 22][15, 5, 28, 23]       [15, 24][15, 5, 33, 9, 25][15, 5, 33, 16, 2, 8, 26][15, 24, 4, 27]    [15, 5, 28][15, 24, 20, 29]    [15, 5, 30]   [15, 32, 31]       [15, 32]    [15, 5, 33][15, 5, 28, 23, 34]   [15, 24, 35]
     [16, 2, 1]        [16, 2][16, 30, 11, 3]    [16, 33, 4][16, 2, 13, 14, 5][16, 10, 23, 35, 6]  [16, 2, 1, 7]     [16, 2, 8]    [16, 33, 9]       [16, 10]   [16, 30, 11]       [16, 12]    [16, 2, 13][16, 2, 13, 14]   [16, 21, 15]           [16][16, 2, 20, 17][16, 21, 22, 18][16, 2, 20, 19]    [16, 2, 20]       [16, 21]   [16, 21, 22]   [16, 10, 23][16, 21, 15, 24][16, 21, 22, 25] [16, 2, 8, 26][16, 33, 4, 27][16, 33, 4, 28][16, 2, 20, 29]       [16, 30][16, 2, 20, 31][16, 21, 15, 32]       [16, 33][16, 10, 23, 34][16, 10, 23, 35]
        [17, 1]    [17, 23, 2][17, 23, 11, 3][17, 23, 34, 18, 4]    [17, 23, 5][17, 23, 35, 6]     [17, 1, 7] [17, 23, 2, 8][17, 23, 5, 33, 9][17, 23, 34, 10]   [17, 23, 11]    [17, 1, 12][17, 23, 2, 13]   [17, 23, 14][17, 23, 5, 33, 15][17, 23, 5, 33, 16]           [17][17, 23, 34, 18][17, 23, 2, 20, 19][17, 23, 2, 20][17, 23, 2, 8, 21][17, 23, 34, 18, 22]       [17, 23][17, 23, 5, 33, 15, 24][17, 23, 14, 25][17, 23, 2, 8, 26][17, 23, 34, 18, 4, 27][17, 23, 5, 28][17, 23, 2, 20, 29][17, 23, 5, 30][17, 23, 2, 20, 31][17, 23, 34, 18, 4, 27, 32][17, 23, 5, 33]   [17, 23, 34]   [17, 23, 35]
    [18, 13, 1][18, 4, 17, 23, 2][18, 4, 17, 23, 11, 3]        [18, 4][18, 13, 14, 5][18, 4, 17, 23, 35, 6] [18, 13, 1, 7][18, 4, 17, 23, 2, 8][18, 22, 33, 9][18, 4, 17, 23, 34, 10][18, 4, 17, 23, 11][18, 13, 1, 12]       [18, 13]   [18, 13, 14][18, 22, 33, 15][18, 22, 33, 16]    [18, 4, 17]           [18][18, 22, 33, 15, 24, 19][18, 4, 17, 23, 2, 20][18, 22, 33, 16, 21]       [18, 22][18, 4, 17, 23][18, 22, 33, 15, 24]   [18, 22, 25][18, 4, 17, 23, 2, 8, 26]    [18, 4, 27]    [18, 4, 28][18, 4, 17, 23, 2, 20, 29][18, 13, 14, 5, 30][18, 4, 27, 32, 31][18, 4, 27, 32]   [18, 22, 33][18, 4, 17, 23, 34][18, 4, 17, 23, 35]
[19, 30, 11, 3, 7, 4, 17, 1][19, 30, 11, 3, 33, 16, 2][19, 30, 11, 3][19, 30, 11, 3, 7, 4][19, 30, 11, 14, 5][19, 30, 11, 3, 7, 35, 6][19, 30, 11, 3, 7][19, 30, 11, 3, 33, 16, 2, 8][19, 30, 11, 3, 33, 9][19, 30, 11, 3, 33, 16, 10]   [19, 30, 11][19, 30, 11, 3, 33, 16, 12][19, 30, 11, 3, 33, 16, 2, 13][19, 30, 11, 14][19, 30, 11, 3, 33, 15][19, 30, 11, 3, 33, 16][19, 30, 11, 3, 7, 4, 17][19, 30, 11, 3, 7, 4, 17, 23, 34, 18]           [19][19, 30, 11, 3, 33, 16, 2, 20][19, 30, 11, 3, 33, 16, 21][19, 30, 11, 3, 33, 16, 21, 22][19, 30, 11, 3, 7, 4, 17, 23][19, 30, 11, 3, 33, 15, 24][19, 30, 11, 14, 25][19, 30, 11, 3, 33, 16, 2, 8, 26][19, 30, 11, 3, 7, 4, 27][19, 30, 11, 14, 5, 28][19, 30, 11, 3, 33, 16, 2, 20, 29]       [19, 30][19, 30, 11, 3, 33, 15, 32, 31][19, 30, 11, 3, 33, 15, 32][19, 30, 11, 3, 33][19, 30, 11, 3, 7, 4, 17, 23, 34][19, 30, 11, 3, 7, 35]
    [20, 17, 1][20, 17, 23, 2][20, 17, 23, 11, 3][20, 29, 22, 33, 4][20, 17, 23, 5][20, 17, 23, 35, 6] [20, 17, 1, 7][20, 17, 23, 2, 8][20, 29, 22, 33, 9]   [20, 31, 10][20, 17, 23, 11][20, 17, 1, 12][20, 17, 23, 2, 13][20, 17, 23, 14]   [20, 29, 15]   [20, 29, 16]       [20, 17][20, 17, 23, 34, 18]       [20, 19]           [20][20, 29, 16, 21]   [20, 29, 22]   [20, 17, 23][20, 29, 15, 24][20, 29, 22, 25][20, 17, 23, 2, 8, 26][20, 29, 22, 33, 4, 27][20, 17, 23, 5, 28]       [20, 29]   [20, 19, 30]       [20, 31][20, 29, 15, 32][20, 29, 22, 33][20, 17, 23, 34][20, 17, 23, 35]
 [21, 16, 2, 1]    [21, 16, 2][21, 22, 23, 11, 3]        [21, 4]    [21, 15, 5][21, 22, 23, 35, 6][21, 22, 23, 34, 7] [21, 16, 2, 8][21, 22, 33, 9]   [21, 16, 10][21, 22, 23, 11]   [21, 16, 12][21, 16, 2, 13][21, 22, 23, 14]       [21, 15]       [21, 16]    [21, 4, 17]   [21, 22, 18][21, 15, 24, 19][21, 16, 2, 20]           [21]       [21, 22]   [21, 22, 23]   [21, 15, 24]   [21, 22, 25][21, 16, 2, 8, 26]    [21, 4, 27]    [21, 4, 28][21, 16, 2, 20, 29][21, 15, 5, 30][21, 15, 32, 31]   [21, 15, 32]   [21, 22, 33][21, 22, 23, 34][21, 22, 23, 35]
[22, 18, 13, 1]    [22, 23, 2][22, 23, 11, 3]    [22, 33, 4]    [22, 23, 5][22, 23, 35, 6][22, 23, 34, 7] [22, 23, 2, 8]    [22, 33, 9][22, 23, 34, 10]   [22, 23, 11][22, 33, 16, 12]   [22, 18, 13]   [22, 23, 14]   [22, 33, 15]   [22, 33, 16][22, 33, 4, 17]       [22, 18][22, 33, 15, 24, 19][22, 23, 2, 20][22, 33, 16, 21]           [22]       [22, 23][22, 33, 15, 24]       [22, 25][22, 23, 2, 8, 26][22, 33, 4, 27][22, 33, 4, 28][22, 23, 2, 20, 29][22, 23, 5, 30][22, 33, 15, 32, 31][22, 33, 15, 32]       [22, 33]   [22, 23, 34]   [22, 23, 35]
     [23, 2, 1]        [23, 2]    [23, 11, 3][23, 34, 18, 4]        [23, 5]    [23, 35, 6]    [23, 34, 7]     [23, 2, 8] [23, 5, 33, 9]   [23, 34, 10]       [23, 11] [23, 2, 1, 12]    [23, 2, 13]       [23, 14][23, 5, 33, 15][23, 5, 33, 16][23, 34, 18, 4, 17]   [23, 34, 18][23, 2, 20, 19]    [23, 2, 20] [23, 2, 8, 21][23, 34, 18, 22]           [23][23, 5, 33, 15, 24]   [23, 14, 25] [23, 2, 8, 26][23, 34, 18, 4, 27]    [23, 5, 28][23, 2, 20, 29]    [23, 5, 30][23, 2, 20, 31][23, 34, 18, 4, 27, 32]    [23, 5, 33]       [23, 34]       [23, 35]
 [24, 4, 17, 1][24, 4, 17, 23, 2]        [24, 3]        [24, 4]    [24, 14, 5]    [24, 35, 6]     [24, 3, 7][24, 4, 17, 23, 2, 8] [24, 3, 33, 9][24, 4, 17, 23, 34, 10][24, 35, 6, 11][24, 4, 17, 1, 12][24, 4, 17, 23, 2, 13]       [24, 14][24, 20, 29, 15][24, 20, 29, 16]    [24, 4, 17][24, 4, 17, 23, 34, 18]       [24, 19]       [24, 20][24, 4, 17, 23, 2, 8, 21][24, 20, 29, 22][24, 4, 17, 23]           [24]   [24, 14, 25][24, 4, 17, 23, 2, 8, 26]    [24, 4, 27]    [24, 4, 28]   [24, 20, 29]   [24, 19, 30]   [24, 20, 31][24, 4, 27, 32]    [24, 3, 33][24, 4, 17, 23, 34]       [24, 35]
    [25, 13, 1][25, 4, 17, 23, 2][25, 35, 6, 11, 3]        [25, 4]        [25, 5]    [25, 35, 6]    [25, 34, 7][25, 4, 17, 23, 2, 8] [25, 5, 33, 9]   [25, 34, 10][25, 35, 6, 11][25, 13, 1, 12]       [25, 13]   [25, 13, 14]       [25, 15]   [25, 21, 16]    [25, 4, 17]   [25, 34, 18]   [25, 24, 19]   [25, 31, 20]       [25, 21][25, 34, 18, 22][25, 4, 17, 23]       [25, 24]           [25][25, 4, 17, 23, 2, 8, 26]    [25, 4, 27]    [25, 4, 28][25, 31, 20, 29]    [25, 5, 30]       [25, 31][25, 4, 27, 32]    [25, 5, 33]       [25, 34]       [25, 35]
     [26, 2, 1]        [26, 2]    [26, 11, 3]     [26, 7, 4]    [26, 15, 5] [26, 7, 35, 6]        [26, 7]     [26, 2, 8][26, 11, 3, 33, 9]    [26, 2, 10]       [26, 11] [26, 2, 1, 12]    [26, 2, 13]   [26, 11, 14]       [26, 15][26, 2, 8, 21, 16] [26, 7, 4, 17][26, 23, 34, 18][26, 2, 20, 19]    [26, 2, 20] [26, 2, 8, 21][26, 2, 8, 21, 22]       [26, 23]   [26, 15, 24][26, 11, 14, 25]           [26] [26, 7, 4, 27]       [26, 28][26, 2, 20, 29]       [26, 30][26, 2, 20, 31]   [26, 15, 32][26, 11, 3, 33]   [26, 23, 34]    [26, 7, 35]
 [27, 4, 17, 1][27, 4, 17, 23, 2][27, 4, 17, 23, 11, 3]        [27, 4][27, 4, 17, 23, 5][27, 4, 17, 23, 35, 6][27, 4, 17, 1, 7][27, 4, 17, 23, 2, 8][27, 4, 17, 23, 5, 33, 9][27, 4, 17, 23, 34, 10][27, 4, 17, 23, 11][27, 4, 17, 1, 12][27, 4, 17, 23, 2, 13][27, 4, 17, 23, 14][27, 4, 17, 23, 5, 33, 15][27, 4, 17, 23, 5, 33, 16]    [27, 4, 17]   [27, 32, 18][27, 4, 17, 23, 2, 20, 19][27, 4, 17, 23, 2, 20][27, 4, 17, 23, 2, 8, 21][27, 32, 18, 22][27, 4, 17, 23][27, 4, 17, 23, 5, 33, 15, 24][27, 4, 17, 23, 14, 25][27, 4, 17, 23, 2, 8, 26]           [27]    [27, 4, 28][27, 4, 17, 23, 2, 20, 29]   [27, 32, 30]   [27, 32, 31]       [27, 32][27, 4, 17, 23, 5, 33][27, 4, 17, 23, 34][27, 4, 17, 23, 35]
 [28, 23, 2, 1]    [28, 23, 2][28, 23, 11, 3][28, 23, 34, 18, 4]    [28, 23, 5][28, 23, 35, 6][28, 23, 34, 7] [28, 23, 2, 8][28, 23, 5, 33, 9][28, 23, 34, 10]   [28, 23, 11][28, 23, 2, 1, 12][28, 23, 2, 13]   [28, 23, 14][28, 23, 5, 33, 15][28, 23, 5, 33, 16][28, 23, 34, 18, 4, 17][28, 23, 34, 18][28, 23, 2, 20, 19][28, 23, 2, 20][28, 23, 2, 8, 21][28, 23, 34, 18, 22]       [28, 23][28, 23, 5, 33, 15, 24][28, 23, 14, 25][28, 23, 2, 8, 26][28, 23, 34, 18, 4, 27]           [28][28, 23, 2, 20, 29][28, 23, 5, 30][28, 23, 2, 20, 31][28, 23, 34, 18, 4, 27, 32][28, 23, 5, 33]   [28, 23, 34]   [28, 23, 35]
 [29, 16, 2, 1]    [29, 16, 2][29, 22, 23, 11, 3][29, 22, 33, 4]    [29, 15, 5][29, 22, 23, 35, 6][29, 22, 23, 34, 7] [29, 16, 2, 8][29, 22, 33, 9]   [29, 16, 10][29, 22, 23, 11]   [29, 16, 12][29, 16, 2, 13][29, 22, 23, 14]       [29, 15]       [29, 16][29, 22, 33, 4, 17]   [29, 22, 18][29, 15, 24, 19][29, 16, 2, 20]   [29, 16, 21]       [29, 22]   [29, 22, 23]   [29, 15, 24]   [29, 22, 25][29, 16, 2, 8, 26][29, 22, 33, 4, 27][29, 22, 33, 4, 28]           [29][29, 15, 5, 30][29, 15, 32, 31]   [29, 15, 32]   [29, 22, 33][29, 22, 23, 34][29, 22, 23, 35]
[30, 11, 3, 7, 4, 17, 1][30, 11, 3, 33, 16, 2]    [30, 11, 3][30, 11, 3, 7, 4][30, 11, 14, 5][30, 11, 3, 7, 35, 6] [30, 11, 3, 7][30, 11, 3, 33, 16, 2, 8][30, 11, 3, 33, 9][30, 11, 3, 33, 16, 10]       [30, 11][30, 11, 3, 33, 16, 12][30, 11, 3, 33, 16, 2, 13]   [30, 11, 14][30, 11, 3, 33, 15][30, 11, 3, 33, 16][30, 11, 3, 7, 4, 17][30, 11, 3, 7, 4, 17, 23, 34, 18][30, 11, 3, 33, 15, 24, 19][30, 11, 3, 33, 16, 2, 20][30, 11, 3, 33, 16, 21][30, 11, 3, 33, 16, 21, 22][30, 11, 3, 7, 4, 17, 23][30, 11, 3, 33, 15, 24][30, 11, 14, 25][30, 11, 3, 33, 16, 2, 8, 26][30, 11, 3, 7, 4, 27][30, 11, 14, 5, 28][30, 11, 3, 33, 16, 2, 20, 29]           [30][30, 11, 3, 33, 15, 32, 31][30, 11, 3, 33, 15, 32][30, 11, 3, 33][30, 11, 3, 7, 4, 17, 23, 34][30, 11, 3, 7, 35]
    [31, 10, 1][31, 10, 23, 2][31, 10, 23, 11, 3][31, 10, 33, 4][31, 10, 1, 14, 5][31, 10, 23, 35, 6] [31, 10, 1, 7][31, 10, 23, 2, 8][31, 10, 33, 9]       [31, 10][31, 10, 23, 11][31, 10, 1, 12][31, 10, 23, 2, 13][31, 10, 1, 14][31, 10, 33, 15][31, 10, 33, 16]   [31, 20, 17][31, 10, 23, 34, 18]   [31, 20, 19]       [31, 20][31, 10, 23, 2, 8, 21][31, 20, 29, 22]   [31, 10, 23][31, 10, 33, 15, 24][31, 20, 29, 22, 25][31, 10, 23, 2, 8, 26][31, 10, 33, 4, 27][31, 10, 33, 4, 28]   [31, 20, 29]   [31, 10, 30]           [31][31, 10, 33, 15, 32]   [31, 10, 33][31, 10, 23, 34][31, 10, 23, 35]
[32, 18, 13, 1][32, 18, 4, 17, 23, 2][32, 30, 11, 3]    [32, 18, 4][32, 18, 13, 14, 5][32, 18, 4, 17, 23, 35, 6][32, 30, 11, 3, 7][32, 18, 4, 17, 23, 2, 8][32, 18, 22, 33, 9]   [32, 31, 10]   [32, 30, 11][32, 18, 13, 1, 12]   [32, 18, 13][32, 18, 13, 14][32, 18, 22, 33, 15][32, 18, 22, 33, 16][32, 18, 4, 17]       [32, 18][32, 31, 20, 19]   [32, 31, 20][32, 18, 22, 33, 16, 21]   [32, 18, 22][32, 18, 4, 17, 23][32, 18, 22, 33, 15, 24][32, 18, 22, 25][32, 18, 4, 17, 23, 2, 8, 26][32, 18, 4, 27][32, 18, 4, 28][32, 31, 20, 29]       [32, 30]       [32, 31]           [32][32, 18, 22, 33][32, 18, 4, 17, 23, 34][32, 18, 4, 17, 23, 35]
 [33, 4, 17, 1]    [33, 16, 2][33, 9, 23, 11, 3]        [33, 4]    [33, 15, 5][33, 9, 23, 35, 6][33, 4, 17, 1, 7] [33, 16, 2, 8]        [33, 9]   [33, 16, 10][33, 9, 23, 11]   [33, 16, 12][33, 16, 2, 13][33, 9, 23, 14]       [33, 15]       [33, 16]    [33, 4, 17][33, 9, 23, 34, 18][33, 15, 24, 19][33, 16, 2, 20]   [33, 16, 21][33, 16, 21, 22]    [33, 9, 23]   [33, 15, 24]    [33, 9, 25][33, 16, 2, 8, 26]    [33, 4, 27]    [33, 4, 28][33, 16, 2, 20, 29][33, 15, 5, 30][33, 15, 32, 31]   [33, 15, 32]           [33][33, 9, 23, 34][33, 9, 23, 35]
    [34, 10, 1][34, 10, 23, 2][34, 10, 23, 11, 3]    [34, 18, 4][34, 10, 1, 14, 5] [34, 7, 35, 6]        [34, 7][34, 10, 23, 2, 8][34, 10, 33, 9]       [34, 10][34, 10, 23, 11][34, 10, 1, 12]   [34, 18, 13][34, 10, 1, 14][34, 10, 33, 15][34, 10, 33, 16][34, 18, 4, 17]       [34, 18][34, 10, 23, 2, 20, 19][34, 10, 23, 2, 20][34, 10, 23, 2, 8, 21]   [34, 18, 22]   [34, 10, 23][34, 10, 33, 15, 24][34, 18, 22, 25][34, 10, 23, 2, 8, 26][34, 18, 4, 27][34, 18, 4, 28][34, 10, 23, 2, 20, 29]   [34, 10, 30][34, 10, 23, 2, 20, 31][34, 18, 4, 27, 32]   [34, 10, 33]           [34]    [34, 7, 35]
[35, 6, 23, 2, 1] [35, 6, 23, 2] [35, 6, 11, 3][35, 6, 11, 3, 7, 4][35, 6, 11, 14, 5]        [35, 6][35, 6, 11, 3, 7][35, 6, 23, 2, 8][35, 6, 11, 3, 33, 9][35, 6, 23, 34, 10]    [35, 6, 11][35, 6, 23, 2, 1, 12][35, 6, 23, 2, 13][35, 6, 11, 14][35, 6, 11, 3, 33, 15][35, 6, 11, 3, 33, 16][35, 6, 11, 3, 7, 4, 17][35, 6, 23, 34, 18][35, 6, 23, 2, 20, 19][35, 6, 23, 2, 20][35, 6, 23, 2, 8, 21][35, 6, 23, 34, 18, 22]    [35, 6, 23][35, 6, 11, 3, 33, 15, 24][35, 6, 11, 14, 25][35, 6, 23, 2, 8, 26][35, 6, 11, 3, 7, 4, 27][35, 6, 11, 14, 5, 28][35, 6, 23, 2, 20, 29]    [35, 6, 30][35, 6, 23, 2, 20, 31][35, 6, 11, 3, 33, 15, 32][35, 6, 11, 3, 33][35, 6, 23, 34]           [35]
Elapsed Time: PT0.011S
-----------------------------------------------------------------------------
Original flow Matrix:
       0      94       0       0       0       0       0       2       0       0       0       0      91       0       3       2       0       0       0       2       0       5       0       0       3       4       0       0       4       0       5       0       0       2      93
      98       0       2       0       0       0      90       0       0      97       0       2       0       5      94       0       0       0       0       0      90      91      94       0       4       3       5      90       0       0       2       0       0       0       0
       2       0       0       0       0       0       0       0      96       0       0       0      90       0       0       0       4       5       5       0       0      91       0      96       0       3       0       0       0       0      94       0       0      93       0
       0       0       0       0       4       0       5       0       0       0       0       0       0       0      96      91       0       0       0       0      98      97       0       0       5       0      90       0       0      94       0       0       0       0       0
      94       4       0       0       0       3       0       0       0       0       0       0       0       0       0       0      97      90       0      95       0       0      96       0       0       3       4       0       0       0      93       0       0       0       0
       4      95      93       0      91       0      95       0       0       5      93       0       0       0      90       0       0       2       0       0       0       0      93      99       0       0       0       0       0       0       0       0       0       3       0
       0       0      92       0       0       0       0       4       0       0      97       0       0       0       0       4      98       0       0       0       0       4       0       0       5      92      95       0       0       4       0       0       4      96      99
       0       0       0       0       0      90       0       0       5       0       0       3      96      97       0       4       5       0       4      95       0       0       0       0       0      93      93       0       0       0       0       0       5       0       0
      95       0       0       2       0       0       0       0       0       0       0       0       0      92       2      97       0      95       3       2       0       0       0       0       0       0       0       0       0       0       0       0       0       0      90
       4       3       0       0       0       0       5       0       0       0       0       5       0      96       0       0       0       3       0      95       0       0       0       0       4       0       0       3       5       0       3       3       0      97       0
       0       0      90       5       0      95       3       0       0       3       0       0       0       0       0       2       0       0       0       0       0       0      96       5       5       0       2       0       0       0       0       0       5       0       3
       0       0       0       0      93       0       0       4      97       0       0       0       4       0       0       0      94       4       0       0       0       0       5       4      99       5       0       3       0       3       0      96       0      98       4
       0       0       4       0       2       0      97       0       0       0      96       0       0       4       2       0       0      91       3       0       0       3       0       0       0       0       0       2       0       0       0       4       0      99       0
       0       0       0       0       0      90       0       5       3       0       3       0      95       0       4       0       3       0       0      93       5       0       0      93       0       0       0       0       0       5       0      96       2       0       0
       0       0       2       2       0       0      99       0       0       2       5       0       3       5       0       0       0       0       0      99       0       0       2      90      92      92       0      90       2       0       0      94      92       3       5
      94       0      98       0       0       0      99      98       2       0       0       0       0       0       0       0       4      91      96       2       0       0       0      92       0       0      99       0       0       4       0       0      91      98      94
       0       0       0      92       0       0      92       0       0       3       2       3       0       0       3       0       0       0       0       0       0       0       5      94      94      91      95       4       0       0       0      91       0       0      99
       4       0      99      93       0       0       0       4       5      91       0       0       0       0       0       0       0       0       0       4       0       0      97       0      92       0       0       0      90       0       0       0       0       0      94
      92       0       4       5       0       0       4       4       0       0       0      97       0       0       0       5       0       3       0       0       0       0       0       0       0       0       2       0       0       0       0       0      95       0       2
      90       0       0      93       0       0       0       0       0       0       0      92       0      93       5       0       0       0       0       0       0       0       0       0       0       0       2       0       0       0       5       0       0      92      90
       0       0      95       0       0       0       4       0       0       0      99       0       4       0       0       0       0       0       3       0       0       0       0       0       2       0       2      98       3      92       0       4      94       0       0
       0      99      91       0       3      97       3       0       0       0       0       4       0       4      93       2       0      92       0       0       0       0       0       4       0       2       0       0       4       0      95      90       0       0       0
       2       0      96       0      96       0       0       0       5       0       2       0       0      92       0      91       0       0       0       2       0      93       0      93       3       3       0       4       3       5       0       0       2       4       0
      94       0       0       0       0       0       0       0       0       0      95      96       0       0       0       0      92       0       0      96       0       0      98       0       0       2      91       0      95      91      95       0       0       4      99
       0       2       0       5      97       5       3       0       5       0       0       4       0       0       0       0       4      95      92       0       0       0       5       4       0      95       0      96       0       5       0       0       0       0       0
       3       0       0      97       0      95      96       0       0       0      99       5       0       4       0       0      91       0       5       0      96       0      92       0      96       0      95      94       5      96       2       0      98       0       0
       0       0       0       0       0       0      91       0      95      98       0      90       0      91       0       0       0       0       0       0      97       4       0       0      93       3       0       0       2       0       2      92       2       0       4
      99       5       4       5       0       0       0      94       0       3      95       3       5      94       0      99      96       0       0       0      95       0      99       0       2       0       2       0       2      96      90       0       0       4       0
       0       0       0       0      98       0       4       0       0       0      97       5      94      97       0      97       0      92       0       0       0       0       0       0      94      90       0      99       0       0       2       0       0       0       0
       0      96       0       0       4       0       0      92       0      93       0       0       0       5       0       0       0       0       0       0       0      97       0       0       0       0       0       0       4       0       0       0      92       0       2
       0       0       3       0       5       0       0      98       0       0       0       0       0       2       5       2       0       0       5       0       0       3       0       0      90       0       0       5       5       0       0       0       0       0      90
       0       0      92       0      93       0       0       0      96       0       0      97       0       0       0       0       0      93       0      98       0       0       0       5      94       0      91       0      98       0       0       0       0       0       0
       0      97       4       0       0       0       0       2       0       0      99       0       0       5       5      99       0       0       0       0       0       3       0       0       4       3       0       5       3       2       0       0       0       0       0
       0       2       3       0       4       4       0      97       0       2       0       0      96       0       4       0       3       3       2       0       0       2      95       0      93       0       0       5       2      90       0       0       5       0       0
       0      92       0       5       4       3       0       2       5       0       0       0       5       0       0       0       0       0       4       0       0       0       5       0       0      94       0       0       0       0       0       0       4       0       0
Elapsed Time: PT0.009S
-----------------------------------------------------------------------------
Edge Traffic:
       0      NA      NA       0      NA      NA     786      NA      NA      NA       0     397      NA     212      NA      NA      NA      NA      NA      NA      NA      NA      NA      NA      NA      NA      NA       0      NA      NA      NA      NA      NA      NA      NA
     599       0      NA      NA       0      NA      NA    1844      NA     191      NA      NA     493       0       0      NA      NA      NA      NA     735      NA      NA      NA      NA      NA      NA      NA       0      NA      NA      NA      NA      NA      NA      NA
      NA      NA       0      NA      NA       0     617      NA      NA      NA      NA      NA      NA       0       0      NA      NA      NA      NA       0      NA      NA      NA      NA      NA       0      NA      NA      NA      NA      NA      NA    1461       0      NA
      NA      NA       0       0       0       0      NA      NA      NA       0      NA      NA      NA       0      NA      NA    3416      NA       0      NA      NA      NA       0      NA      NA      NA     864     314      NA      NA      NA      NA      NA      NA      NA
      NA      NA      NA      NA       0       0       0      NA      NA      NA       0      NA      NA       0       0      NA       0      NA      NA      NA      NA      NA      NA      NA      NA      NA      NA     384      NA     307      NA      NA    1859       0      NA
      NA      NA      NA      NA      NA       0      NA       0      NA      NA     863      NA      NA      NA      NA       0      NA      NA       0      NA      NA       0     404      NA      NA      NA      NA      NA      NA       4      NA      NA       0      NA      NA
      NA      NA      NA    1213      NA       0       0      NA      NA       0      NA       0      NA      NA      NA      NA      NA      NA      NA      NA      NA       0      NA      NA      NA      NA      NA      NA      NA      NA      NA       0      NA      NA     586
      NA      NA      NA      NA      NA      NA      NA       0      NA       0      NA      NA      NA      NA      NA      NA      NA      NA      NA      NA     776      NA      NA      NA      NA    1062      NA      NA      NA       0      NA      NA      NA      NA      90
       0      NA      NA      NA      NA      NA      NA       0       0      NA      NA      NA      NA       0       0       0      NA       0       0      NA      NA      NA     584      NA     195      NA       2      NA      NA      NA      NA      NA      NA      NA      NA
     218      NA       0      NA      NA      NA      NA      NA       0       0      NA       0      NA      NA      NA      NA      NA       0      NA      NA      NA      NA     991      NA      NA      NA      NA       0      NA      93      NA      NA      27      NA      NA
      NA      NA    2270      NA      NA      NA      NA      NA      NA      NA       0      NA       0     306      NA      NA      NA      NA       0      NA      NA      NA      NA      NA      NA      NA      NA      NA      NA      NA      NA      NA      NA      NA      NA
      NA      13      NA      NA      NA      NA      NA      NA      NA     203      NA       0      NA      NA      NA      NA      NA      NA      NA      NA      NA      NA      NA      NA      NA      NA      NA      NA      NA      NA      NA      NA     393       0       4
     202       0      NA      NA      NA       0      NA      NA       0      NA       0      NA       0     116      NA      NA     296      NA      NA      NA      NA      NA      NA      NA      NA      NA      NA      NA      NA      NA      NA      NA      NA      NA      NA
      NA      NA      NA      NA     806       0       0      NA       0      NA       0      NA      NA       0      NA      NA       0      NA      NA      NA      NA      NA      NA      NA     314       0       0      NA      NA      NA       0      NA      NA      NA      NA
      NA      NA      NA      NA     568      NA      NA      NA      NA      NA      NA      NA      NA      NA       0      NA      NA      NA       0      NA      NA      NA      NA     897      NA       0      NA      NA      NA      NA      NA     676      NA      NA       0
       0    1365      NA      NA      NA      NA      NA      NA      NA     288       0     109      NA      NA       0       0      NA      NA       0      NA     379      NA       0       0      NA      NA       0      NA      NA     102      NA      NA     192      NA      NA
     841      NA       0       0      NA      NA      NA      NA      NA      NA      NA       0      NA      NA      NA      NA       0      NA      NA      NA      NA      NA    3509      NA       0      NA      NA      NA      NA      NA       0      NA      NA       0      NA
      NA      NA      NA    1052      NA      NA      NA      NA      NA      NA      NA      NA     293      NA      NA      NA       0       0      NA      NA      NA     593      NA      NA      NA      NA      NA      NA      NA       0      NA      NA      NA       0      NA
      NA      NA      NA      NA       0       0       0       0      NA      NA      NA      NA      NA      NA      NA      NA      NA      NA       0      NA      NA      NA       0      NA      NA      NA      NA      NA       0     404      NA      NA      NA      NA      NA
       0      NA      NA      NA      NA      NA      NA       0      NA      NA      NA      NA      NA      NA      NA      NA     461      NA     122       0       0      NA      NA      NA       0       0      NA      NA     520      NA     197      NA      NA       0      NA
      NA      NA      NA     198      NA      NA      NA      NA       0      NA      NA      NA      NA      NA     285      14       0      NA      NA      NA       0     677      NA      NA      NA      NA      NA      NA      NA      NA      NA       0      NA       0      NA
      NA       0      NA      NA      NA      NA      NA      NA      NA      NA       0       0      NA      NA      NA      NA      NA     275      NA      NA      NA       0     699       0     465      NA      NA      NA      NA      NA      NA      NA     692      NA       0
       0    1995      NA      NA    1084      NA       0       0      NA      NA     889      NA      NA     770      NA      NA      NA       0      NA      NA      NA       0       0       0       0       0      NA      NA       0      NA      NA      NA      NA    1780     751
      NA       0     101     479      NA      NA      NA      NA      NA      NA      NA      NA      NA       5      NA      NA       0       0     191     387      NA      NA      NA       0      NA       0      NA      NA       0       0      NA      NA      NA      NA     199
      NA      NA      NA     207     107      NA       0      NA      NA      NA      NA      NA       4      NA       0      NA      NA      NA      NA      NA       0      NA      NA      96       0      NA       0      NA      NA      NA       0      NA      NA      98       5
      NA     311      NA      NA      NA      NA     474      NA      NA      NA     396      NA      NA      NA       0      NA      NA      NA      NA      NA      NA      NA      92      NA      NA       0       0     184      NA      96      NA      NA      NA      NA       0
      NA      NA      NA     668      NA      NA       0      NA      NA      NA       0      NA      NA      NA      NA      NA       0      NA      NA      NA       0       0      NA      NA      NA      NA       0      NA      NA      NA      NA     194      NA      NA      NA
      NA      NA      NA      NA      NA      NA       0      NA      NA       0      NA      NA      NA      NA      NA      NA       0      NA      NA      NA      NA       0    1276       0      NA       0      NA       0      NA      NA       0      NA       0      NA      NA
      NA       0      NA      NA      NA      NA      NA      NA      NA       0       0       0      NA      NA     105     286      NA      NA      NA      NA      NA     671      NA      NA       0      NA      NA      NA       0      NA      NA      NA       0      NA       0
      NA      NA       0      NA      NA      NA      NA      NA       0      NA     996       0      NA      NA      NA       0      NA      NA      NA      NA      NA      NA      NA      NA       0      NA      NA      NA      NA       0      NA       0      NA      NA      NA
       0       0       0      NA      NA      NA      NA      NA       0     212      NA      NA       0      NA      NA      NA      NA      NA      NA     299      NA      NA       0       0       0      NA      NA       0      NA       0       0      NA      NA      NA      NA
      NA      NA       0      NA      NA      NA      NA      NA      NA       0      NA      NA      NA      NA      NA      NA      NA     576       0      NA      NA       0       0      NA      NA       0      NA      NA       0      92     489       0      NA      NA      NA
      NA       0      NA     601      NA      NA      NA      NA     717      NA      NA      NA      NA       0    1378    1668      NA       0      NA      NA      NA      NA      NA      NA      NA      NA      NA      NA      NA      NA      NA       0       0      NA      NA
      NA      NA      NA      NA       0      NA      18       0      NA     506      NA      NA      NA      NA      NA      NA      NA    1173       0      NA      NA      NA      NA      NA      NA      NA      NA       0      NA      NA       0      NA       0       0      NA
      NA      NA      NA      NA      NA     990      NA      NA      NA      NA      NA      NA      NA      NA      NA      NA      NA      NA      NA       0      NA      NA       0      NA      NA      NA       0      NA      NA       0      NA      NA      NA      NA       0

Elapsed Time: PT0.01S
-----------------------------------------------------------------------------
All pairs sneaky paths:
       0       0       0       0       0       0       0       0       0       0       0       0       0       0       0       0       0       0       0       0       0       0       0       0       0       0       0       0       0       0       0       0       0       0       0
       0       0       0       0       0       0       0       0       0       0       0       0       0       0       0       0       0       0       0       0       0       0       0       0       0       0       0       0       0       0       0       0       0       0       0
       0       0       0       0       0       0       0       0       0       0       0       0       0       0       0       0       0       0       0       0       0       0       0       0       0       0       0       0       0       0       0       0       0       0       0
       0       0       0       0       0       0       0       0       0       0       0       0       0       0       0       0       0       0       0       0       0       0       0       0       0       0       0       0       0       0       0       0       0       0       0
       0       0       0       0       0       0       0       0       0       0       0       0       0       0       0       0       0       0       0       0       0       0       0       0       0       0       0       0       0       0       0       0       0       0       0
       0       0       0       0       0       0       0       0       0       0       0       0       0       0       0       0       0       0       0       0       0       0       0       0       0       0       0       0       0       0       0       0       0       0       0
       0       0       0       0       0       0       0       0       0       0       0       0       0       0       0       0       0       0       0       0       0       0       0       0       0       0       0       0       0       0       0       0       0       0       0
       0       0       0       0       0       0       0       0       0       0       0       0       0       0       0       0       0       0       0       0       0       0       0       0       0       0       0       0       0       0       0       0       0       0       0
       0       0       0       0       0       0       0       0       0       0       0       0       0       0       0       0       0       0       0       0       0       0       0       0       0       0       0       0       0       0       0       0       0       0       0
       0       0       0       0       0       0       0       0       0       0       0       0       0       0       0       0       0       0       0       0       0       0       0       0       0       0       0       0       0       0       0       0       0       0       0
       0       0       0       0       0       0       0       0       0       0       0       0       0       0       0       0       0       0       0       0       0       0       0       0       0       0       0       0       0       0       0       0       0       0       0
       0       0       0       0       0       0       0       0       0       0       0       0       0       0       0       0       0       0       0       0       0       0       0       0       0       0       0       0       0       0       0       0       0       0       0
       0       0       0       0       0       0       0       0       0       0       0       0       0       0       0       0       0       0       0       0       0       0       0       0       0       0       0       0       0       0       0       0       0       0       0
       0       0       0       0       0       0       0       0       0       0       0       0       0       0       0       0       0       0       0       0       0       0       0       0       0       0       0       0       0       0       0       0       0       0       0
       0       0       0       0       0       0       0       0       0       0       0       0       0       0       0       0       0       0       0       0       0       0       0       0       0       0       0       0       0       0       0       0       0       0       0
       0       0       0       0       0       0       0       0       0       0       0       0       0       0       0       0       0       0       0       0       0       0       0       0       0       0       0       0       0       0       0       0       0       0       0
       0       0       0       0       0       0       0       0       0       0       0       0       0       0       0       0       0       0       0       0       0       0       0       0       0       0       0       0       0       0       0       0       0       0       0
       0       0       0       0       0       0       0       0       0       0       0       0       0       0       0       0       0       0       0       0       0       0       0       0       0       0       0       0       0       0       0       0       0       0       0
       0       0       0       0       0       0       0       0       0       0       0       0       0       0       0       0       0       0       0       0       0       0       0       0       0       0       0       0       0       0       0       0       0       0       0
       0       0       0       0       0       0       0       0       0       0       0       0       0       0       0       0       0       0       0       0       0       0       0       0       0       0       0       0       0       0       0       0       0       0       0
       0       0       0       0       0       0       0       0       0       0       0       0       0       0       0       0       0       0       0       0       0       0       0       0       0       0       0       0       0       0       0       0       0       0       0
       0       0       0       0       0       0       0       0       0       0       0       0       0       0       0       0       0       0       0       0       0       0       0       0       0       0       0       0       0       0       0       0       0       0       0
       0       0       0       0       0       0       0       0       0       0       0       0       0       0       0       0       0       0       0       0       0       0       0       0       0       0       0       0       0       0       0       0       0       0       0
       0       0       0       0       0       0       0       0       0       0       0       0       0       0       0       0       0       0       0       0       0       0       0       0       0       0       0       0       0       0       0       0       0       0       0
       0       0       0       0       0       0       0       0       0       0       0       0       0       0       0       0       0       0       0       0       0       0       0       0       0       0       0       0       0       0       0       0       0       0       0
       0       0       0       0       0       0       0       0       0       0       0       0       0       0       0       0       0       0       0       0       0       0       0       0       0       0       0       0       0       0       0       0       0       0       0
       0       0       0       0       0       0       0       0       0       0       0       0       0       0       0       0       0       0       0       0       0       0       0       0       0       0       0       0       0       0       0       0       0       0       0
       0       0       0       0       0       0       0       0       0       0       0       0       0       0       0       0       0       0       0       0       0       0       0       0       0       0       0       0       0       0       0       0       0       0       0
       0       0       0       0       0       0       0       0       0       0       0       0       0       0       0       0       0       0       0       0       0       0       0       0       0       0       0       0       0       0       0       0       0       0       0
       0       0       0       0       0       0       0       0       0       0       0       0       0       0       0       0       0       0       0       0       0       0       0       0       0       0       0       0       0       0       0       0       0       0       0
       0       0       0       0       0       0       0       0       0       0       0       0       0       0       0       0       0       0       0       0       0       0       0       0       0       0       0       0       0       0       0       0       0       0       0
       0       0       0       0       0       0       0       0       0       0       0       0       0       0       0       0       0       0       0       0       0       0       0       0       0       0       0       0       0       0       0       0       0       0       0
       0       0       0       0       0       0       0       0       0       0       0       0       0       0       0       0       0       0       0       0       0       0       0       0       0       0       0       0       0       0       0       0       0       0       0
       0       0       0       0       0       0       0       0       0       0       0       0       0       0       0       0       0       0       0       0       0       0       0       0       0       0       0       0       0       0       0       0       0       0       0
       0       0       0       0       0       0       0       0       0       0       0       0       0       0       0       0       0       0       0       0       0       0       0       0       0       0       0       0       0       0       0       0       0       0       0
Elapsed Time: PT0.013S
-----------------------------------------------------------------------------
Total Running time: PT0.124S
-----------------------------------------------------------------------------
-----------------------------------------------------------------------------
