-----------------------------------------------------------------------------
Hank Fridell
-----------------------------------------------------------------------------
Parsing file: CS404FS16SneakyPathInputN10d.txt
Elapsed Time: 1
-----------------------------------------------------------------------------
Original:
       0,      NA,      NA,      93,      NA,      10,      NA,      NA,      NA,      NA,
      NA,       0,      NA,      98,      NA,      NA,      NA,      NA,      NA,      NA,
      NA,      94,       0,      NA,      NA,      NA,      NA,      NA,      NA,      NA,
      NA,       7,      NA,       0,      NA,      NA,      NA,      NA,      NA,      NA,
      NA,      NA,      90,      94,       0,      NA,      NA,      95,      NA,      NA,
      NA,      NA,      NA,      91,      NA,       0,      NA,      NA,      NA,      NA,
      NA,      NA,      90,      NA,      NA,      NA,       0,      NA,      NA,      NA,
      NA,      NA,      NA,      NA,      NA,      NA,      98,       0,      NA,      NA,
      NA,      NA,      NA,      NA,      99,      NA,      NA,      NA,       0,      NA,
       2,      93,      NA,      NA,      93,      NA,      95,      NA,      NA,       0,
Original:
Elapsed Time: 0
-----------------------------------------------------------------------------
All pairs shortest paths:
       0,     100,      NA,      93,      NA,      10,      NA,      NA,      NA,      NA,
      NA,       0,      NA,      98,      NA,      NA,      NA,      NA,      NA,      NA,
      NA,      94,       0,     192,      NA,      NA,      NA,      NA,      NA,      NA,
      NA,       7,      NA,       0,      NA,      NA,      NA,      NA,      NA,      NA,
      NA,     101,      90,      94,       0,      NA,     193,      95,      NA,      NA,
      NA,      98,      NA,      91,      NA,       0,      NA,      NA,      NA,      NA,
      NA,     184,      90,     282,      NA,      NA,       0,      NA,      NA,      NA,
      NA,     282,     188,     380,      NA,      NA,      98,       0,      NA,      NA,
      NA,     200,     189,     193,      99,      NA,     292,     194,       0,      NA,
       2,      93,     183,      95,      93,      12,      95,     188,      NA,       0,
All pairs shortest paths:
Elapsed Time: 0
-----------------------------------------------------------------------------
Actual shortest paths:
            [1],      [1, 4, 2],         [1, 3],         [1, 4],         [1, 5],         [1, 6],         [1, 7],         [1, 8],         [1, 9],        [1, 10],
         [2, 1],            [2],         [2, 3],         [2, 4],         [2, 5],         [2, 6],         [2, 7],         [2, 8],         [2, 9],        [2, 10],
         [3, 1],         [3, 2],            [3],      [3, 2, 4],         [3, 5],         [3, 6],         [3, 7],         [3, 8],         [3, 9],        [3, 10],
         [4, 1],         [4, 2],         [4, 3],            [4],         [4, 5],         [4, 6],         [4, 7],         [4, 8],         [4, 9],        [4, 10],
         [5, 1],      [5, 4, 2],         [5, 3],         [5, 4],            [5],         [5, 6],      [5, 8, 7],         [5, 8],         [5, 9],        [5, 10],
         [6, 1],      [6, 4, 2],         [6, 3],         [6, 4],         [6, 5],            [6],         [6, 7],         [6, 8],         [6, 9],        [6, 10],
         [7, 1],      [7, 3, 2],         [7, 3],   [7, 3, 2, 4],         [7, 5],         [7, 6],            [7],         [7, 8],         [7, 9],        [7, 10],
         [8, 1],   [8, 7, 3, 2],      [8, 7, 3],[8, 7, 3, 2, 4],         [8, 5],         [8, 6],         [8, 7],            [8],         [8, 9],        [8, 10],
         [9, 1],   [9, 5, 4, 2],      [9, 5, 3],      [9, 5, 4],         [9, 5],         [9, 6],   [9, 5, 8, 7],      [9, 5, 8],            [9],        [9, 10],
        [10, 1],        [10, 2],     [10, 5, 3],     [10, 1, 4],        [10, 5],     [10, 1, 6],        [10, 7],     [10, 5, 8],        [10, 9],           [10],
Actual shortest paths:
Elapsed Time: 1
-----------------------------------------------------------------------------
Original flow Matrix:
       0,       5,       0,       3,       2,       9,       6,       3,       3,       1,
       0,       0,       3,       9,       4,       4,      98,       0,       8,       0,
       3,       6,       0,       8,       7,       2,       4,       0,       3,       5,
       4,       1,       3,       0,       3,       7,       9,      98,       9,       9,
       2,       7,       8,       5,       0,       0,       1,       5,       2,       9,
       3,       5,       0,       2,      10,       0,       6,       3,       5,       7,
       8,      95,      10,       0,       2,      10,       0,       4,       7,       9,
      10,       5,       8,       5,       0,       6,       0,       0,       4,       3,
       2,       9,       2,       1,       0,       4,       2,       3,       0,       0,
       7,       4,       9,       0,       8,       0,       7,       9,       2,       0,
Original flow Matrix:
Elapsed Time: 0
-----------------------------------------------------------------------------
Edge Traffic:
       0,      NA,      NA,       8, 1000001,       9, 1000005, 1000002, 1000002, 1000000,
      NA,       0, 1000002,      22, 1000003, 1000003, 1000097,      NA, 1000007,      NA,
 1000002,     119,       0,      NA, 1000006, 1000001, 1000003,      NA, 1000002, 1000004,
 1000003,      27, 1000002,       0, 1000002, 1000006, 1000008, 1000097, 1000008, 1000008,
 1000001,      NA,      19,      22,       0,      NA,      NA,      20, 1000001, 1000008,
 1000002,      NA,      NA,       7, 1000009,       0, 1000005, 1000002, 1000004, 1000006,
 1000007,      NA,     123,      NA, 1000001, 1000009,       0, 1000003, 1000006, 1000008,
 1000009,      NA,      NA,      NA,      NA, 1000005,      21,       0, 1000003, 1000002,
 1000001,      NA,      NA,      NA,      17, 1000003,      NA,      NA,       0,      NA,
       7,       4,      NA,      NA,      26,      NA,       7,      NA, 1000001,       0,

Edge Traffic:
Elapsed Time: 1
-----------------------------------------------------------------------------
All pairs sneaky paths:
       0,      35,      NA,       8, 1000001,       9, 1000005, 1000002, 1000002, 1000000,
      NA,       0, 1000002,      22, 1000003, 1000003, 1000006,      NA, 1000007,      NA,
 1000002,     119,       0,     141, 1000006, 1000001, 1000003,      NA, 1000002, 1000004,
 1000003,      27, 1000002,       0, 1000002, 1000006, 1000008, 1000022, 1000008, 1000008,
 1000001,      49,      19,      22,       0,      NA,      41,      20, 1000001, 1000008,
 1000002,      34,      NA,       7, 1000009,       0, 1000005, 1000002, 1000004, 1000006,
 1000007,     242,     123,     264, 1000001, 1000009,       0, 1000003, 1000006, 1000008,
 1000009,     263,     144,     285,      NA, 1000005,      21,       0, 1000003, 1000002,
 1000001,      66,      36,      39,      17, 1000003,      58,      37,       0,      NA,
       7,       4,      45,      15,      26,      16,       7,      46, 1000001,       0,
All pairs sneaky paths:
Elapsed Time: 0
-----------------------------------------------------------------------------
Actual sneaky paths:
            [1],      [1, 4, 2],         [1, 3],         [1, 4],         [1, 5],         [1, 6],         [1, 7],         [1, 8],         [1, 9],        [1, 10],
         [2, 1],            [2],         [2, 3],         [2, 4],         [2, 5],         [2, 6],     [2, 10, 7],         [2, 8],         [2, 9],        [2, 10],
         [3, 1],         [3, 2],            [3],      [3, 2, 4],         [3, 5],         [3, 6],         [3, 7],         [3, 8],         [3, 9],        [3, 10],
         [4, 1],         [4, 2],         [4, 3],            [4],         [4, 5],         [4, 6],         [4, 7],      [4, 5, 8],         [4, 9],        [4, 10],
         [5, 1],      [5, 4, 2],         [5, 3],         [5, 4],            [5],         [5, 6],      [5, 8, 7],         [5, 8],         [5, 9],        [5, 10],
         [6, 1],      [6, 4, 2],         [6, 3],         [6, 4],         [6, 5],            [6],         [6, 7],         [6, 8],         [6, 9],        [6, 10],
         [7, 1],      [7, 3, 2],         [7, 3],   [7, 3, 2, 4],         [7, 5],         [7, 6],            [7],         [7, 8],         [7, 9],        [7, 10],
         [8, 1],   [8, 7, 3, 2],      [8, 7, 3],[8, 7, 3, 2, 4],         [8, 5],         [8, 6],         [8, 7],            [8],         [8, 9],        [8, 10],
         [9, 1],   [9, 5, 4, 2],      [9, 5, 3],      [9, 5, 4],         [9, 5],         [9, 6],   [9, 5, 8, 7],      [9, 5, 8],            [9],        [9, 10],
        [10, 1],        [10, 2],     [10, 5, 3],     [10, 1, 4],        [10, 5],     [10, 1, 6],        [10, 7],     [10, 5, 8],        [10, 9],           [10],
Actual sneaky paths:
Elapsed Time: 1
-----------------------------------------------------------------------------
Minimum cars seen:
       0,       8,  999999,       8,  999999,       9,  999999,  999999,  999999,  999999,
  999999,       0,  999999,      22,  999999,  999999,       7,  999999,  999999,  999999,
  999999,     119,       0,      22,  999999,  999999,  999999,  999999,  999999,  999999,
  999999,      27,  999999,       0,  999999,  999999,  999999,      20,  999999,  999999,
  999999,      22,      19,      22,       0,  999999,      20,      20,  999999,  999999,
  999999,       7,  999999,       7,  999999,       0,  999999,  999999,  999999,  999999,
  999999,     119,     123,      22,  999999,  999999,       0,  999999,  999999,  999999,
  999999,      21,      21,      21,  999999,  999999,      21,       0,  999999,  999999,
  999999,      17,      17,      17,      17,  999999,      17,      17,       0,  999999,
       7,       4,      19,       7,      26,       7,       7,      20,  999999,       0,

Minimum cars seen:
Elapsed Time: 0
-----------------------------------------------------------------------------
Maximum cars seen:
       0,      27,  999999,       8, 1000001,       9, 1000005, 1000002, 1000002, 1000000,
  999999,       0, 1000002,      22, 1000003, 1000003,  999999,  999999, 1000007,  999999,
 1000002,     119,       0,     119, 1000006, 1000001, 1000003,  999999, 1000002, 1000004,
 1000003,      27, 1000002,       0, 1000002, 1000006, 1000008, 1000002, 1000008, 1000008,
 1000001,      27,      19,      22,       0,  999999,      21,      20, 1000001, 1000008,
 1000002,      27,  999999,       7, 1000009,       0, 1000005, 1000002, 1000004, 1000006,
 1000007,     123,     123,     123, 1000001, 1000009,       0, 1000003, 1000006, 1000008,
 1000009,     123,     123,     123,  999999, 1000005,      21,       0, 1000003, 1000002,
 1000001,      27,      19,      22,      17, 1000003,      21,      20,       0,  999999,
       7,       4,      26,       8,      26,       9,       7,      26, 1000001,       0,

Maximum cars seen:
Elapsed Time: 1
-----------------------------------------------------------------------------
Average cars seen:
       0,    17.5,999999.0,     8.0,1000001.0,     9.0,1000005.0,1000002.0,1000002.0,1000000.0,
999999.0,       0,1000002.0,    22.0,1000003.0,1000003.0,500003.0,999999.0,1000007.0,999999.0,
1000002.0,   119.0,       0,    70.5,1000006.0,1000001.0,1000003.0,999999.0,1000002.0,1000004.0,
1000003.0,    27.0,1000002.0,       0,1000002.0,1000006.0,1000008.0,500011.0,1000008.0,1000008.0,
1000001.0,    24.5,    19.0,    22.0,       0,999999.0,    20.5,    20.0,1000001.0,1000008.0,
1000002.0,    17.0,999999.0,     7.0,1000009.0,       0,1000005.0,1000002.0,1000004.0,1000006.0,
1000007.0,   121.0,   123.0,    88.0,1000001.0,1000009.0,       0,1000003.0,1000006.0,1000008.0,
1000009.0,    87.7,    72.0,    71.3,999999.0,1000005.0,    21.0,       0,1000003.0,1000002.0,
1000001.0,    22.0,    18.0,    19.5,    17.0,1000003.0,    19.3,    18.5,       0,999999.0,
     7.0,     4.0,    22.5,     7.5,    26.0,     8.0,     7.0,    23.0,1000001.0,       0,

Average cars seen:
Elapsed Time: 0
-----------------------------------------------------------------------------
Specified Shortest Path: 8,3
[8, 7, 3]
Min path cost: 90
Max path cost: 98
Avg path cost: 94.0
-----------------------------------------------------------------------------
Specified Sneaky Path: 8,3
[8, 7, 3]
Min path cost: 21
Max path cost: 123
Avg path cost: 72.0
-----------------------------------------------------------------------------
Total Running time: 7
-----------------------------------------------------------------------------
-----------------------------------------------------------------------------
