-----------------------------------------------------------------------------
Hank Fridell
-----------------------------------------------------------------------------
Parsing file: CS404FS16SneakyPathInput1.txt
Elapsed Time: PT0.02S
-----------------------------------------------------------------------------
Original:
       0,       7,      NA,       7,      NA,       9,
      NA,       0,       5,      NA,      10,       3,
       9,      10,       0,       8,       4,       6,
       9,       4,       2,       0,      NA,      NA,
       3,       5,      10,      10,       0,      NA,
      NA,       5,       8,      10,      NA,       0,
Original:
Elapsed Time: PT0.001S
-----------------------------------------------------------------------------
All pairs shortest paths:
       0,       7,       9,       7,      13,       9,
      12,       0,       5,      13,       9,       3,
       7,       9,       0,       8,       4,       6,
       9,       4,       2,       0,       6,       7,
       3,       5,      10,      10,       0,       8,
      15,       5,       8,      10,      12,       0,
All pairs shortest paths:
Elapsed Time: PT0S
-----------------------------------------------------------------------------
Actual shortest paths:
            [1],         [1, 2],      [1, 4, 3],         [1, 4],   [1, 4, 3, 5],         [1, 6],
   [2, 3, 5, 1],            [2],         [2, 3],      [2, 3, 4],      [2, 3, 5],         [2, 6],
      [3, 5, 1],      [3, 5, 2],            [3],         [3, 4],         [3, 5],         [3, 6],
         [4, 1],         [4, 2],         [4, 3],            [4],      [4, 3, 5],      [4, 2, 6],
         [5, 1],         [5, 2],         [5, 3],         [5, 4],            [5],      [5, 2, 6],
   [6, 3, 5, 1],         [6, 2],         [6, 3],         [6, 4],      [6, 3, 5],            [6],
Actual shortest paths:
Elapsed Time: PT0.001S
-----------------------------------------------------------------------------
Original flow Matrix:
       0,       9,      11,      12,       8,      12,
      18,       0,      15,      10,      17,      18,
      17,      18,       0,      14,      10,      10,
      17,       8,      10,       0,      17,      18,
      15,       9,      12,      14,       0,      16,
      18,      16,      15,       8,       9,       0,
Original flow Matrix:
Elapsed Time: PT0.002S
-----------------------------------------------------------------------------
Edge Traffic:
       0,       9,      NA,      31,      NA,      12,
      NA,       0,      60,      NA,       0,      52,
       0,       0,       0,      24,     132,      10,
      17,      26,      46,       0,      NA,      NA,
      68,      43,      12,      14,       0,      NA,
      NA,      16,      42,       8,      NA,       0,

Edge Traffic:
Elapsed Time: PT0.001S
-----------------------------------------------------------------------------
All pairs sneaky paths:
       0,       9,      21,      20,       9,      12,
      12,       0,      12,      14,       0,      22,
       0,       0,       0,      14,       0,      10,
      17,      26,      38,       0,      26,      29,
      12,      12,      12,      14,       0,      22,
      25,      16,      28,       8,      16,       0,
All pairs sneaky paths:
Elapsed Time: PT0S
-----------------------------------------------------------------------------
Actual sneaky paths:
            [1],         [1, 2],   [1, 2, 5, 3],      [1, 6, 4],      [1, 2, 5],         [1, 6],
   [2, 5, 3, 1],            [2],      [2, 5, 3],      [2, 5, 4],         [2, 5],   [2, 5, 3, 6],
         [3, 1],         [3, 2],            [3],   [3, 2, 5, 4],      [3, 2, 5],         [3, 6],
         [4, 1],         [4, 2],   [4, 2, 5, 3],            [4],      [4, 2, 5],      [4, 1, 6],
      [5, 3, 1],      [5, 3, 2],         [5, 3],         [5, 4],            [5],      [5, 3, 6],
      [6, 4, 1],         [6, 2],   [6, 2, 5, 3],         [6, 4],      [6, 2, 5],            [6],
Actual sneaky paths:
Elapsed Time: PT0.002S
-----------------------------------------------------------------------------
Minimum cars seen:
       0,       9,       0,       8,       0,      12,
       0,       0,       0,       0,       0,       0,
       0,       0,       0,       0,       0,      10,
      17,      26,       0,       0,       0,      12,
       0,       0,      12,      14,       0,      10,
       8,      16,       0,       8,       0,       0,

Minimum cars seen:
Elapsed Time: PT0.001S
-----------------------------------------------------------------------------
Maximum cars seen:
       0,       9,      12,      12,       9,      12,
      12,       0,      12,      14,       0,      12,
       0,       0,       0,      14,       0,      10,
      17,      26,      26,       0,      26,      17,
      12,      12,      12,      14,       0,      12,
      17,      16,      16,       8,      16,       0,

Maximum cars seen:
Elapsed Time: PT0.001S
-----------------------------------------------------------------------------
Average cars seen:
       0,     9.0,     7.0,    10.0,     4.5,    12.0,
     4.0,       0,     6.0,     7.0,     0.0,     7.3,
     0.0,     0.0,       0,     4.7,     0.0,    10.0,
    17.0,    26.0,    12.7,       0,    13.0,    14.5,
     6.0,     6.0,    12.0,    14.0,       0,    11.0,
    12.5,    16.0,     9.3,     8.0,     8.0,       0,

Average cars seen:
Elapsed Time: PT0.003S
-----------------------------------------------------------------------------
Specified Shortest Path: 6,3
[6, 3]
Min path cost: 8
Max path cost: 8
Avg path cost: 8.0
-----------------------------------------------------------------------------
Specified Sneaky Path: 6,3
[6, 2, 5, 3]
Min path cost: 0
Max path cost: 16
Avg path cost: 9.333333333333334
-----------------------------------------------------------------------------
Total Running time: PT0.047S
-----------------------------------------------------------------------------
-----------------------------------------------------------------------------
