-----------------------------------------------------------------------------
Hank Fridell
-----------------------------------------------------------------------------
Parsing file: CS404FS16SneakyPathInputN25a.txt
Elapsed Time: 1
-----------------------------------------------------------------------------
Original:
       0,      NA,      NA,      NA,      98,      NA,      NA,      NA,      NA,      NA,      NA,      NA,      NA,      93,      NA,      NA,      NA,      NA,       3,      NA,      90,      NA,      NA,      NA,      NA,
      NA,       0,      NA,      NA,      96,      NA,      NA,      NA,      NA,      NA,      NA,      NA,      NA,      NA,      NA,      NA,      NA,      NA,      NA,      NA,      NA,       3,      92,      NA,      NA,
      90,      NA,       0,      NA,      96,      NA,      NA,      NA,       5,      NA,      NA,       4,      NA,      NA,       5,      NA,      93,      92,      NA,      NA,      NA,      NA,      NA,      NA,      NA,
      92,      NA,      NA,       0,      NA,      NA,      NA,      NA,      NA,      NA,      94,      NA,      NA,      NA,      NA,      NA,      NA,      NA,      NA,      91,      NA,      NA,      92,      NA,      NA,
      NA,      NA,       3,      NA,       0,      NA,      NA,      NA,      NA,      NA,      NA,      93,      NA,      NA,      NA,      96,      NA,      NA,      NA,      NA,      NA,      NA,      NA,      NA,      NA,
      NA,      NA,      NA,      94,      NA,       0,      NA,      91,      NA,      NA,      NA,      NA,      NA,      NA,      NA,      NA,      NA,      96,      NA,      NA,      NA,      NA,      NA,      NA,      99,
      NA,      NA,      NA,      NA,      NA,      NA,       0,      NA,      NA,      NA,      NA,      NA,      NA,       5,      NA,      NA,      NA,      NA,      NA,      NA,      NA,      NA,      NA,      NA,      NA,
      NA,      NA,      99,      NA,      NA,      NA,      NA,       0,      NA,      NA,      NA,       3,      NA,       4,      NA,      NA,      NA,      99,      NA,      NA,      NA,      NA,      98,      NA,      NA,
      97,      NA,      NA,      90,      NA,      NA,      NA,      NA,       0,      NA,      NA,      99,      NA,      94,      NA,      NA,      NA,      NA,      94,      NA,      99,      NA,      NA,      NA,      NA,
      94,      NA,      NA,      NA,      NA,      94,      NA,      NA,      NA,       0,      94,      NA,      NA,      NA,      NA,      NA,      NA,      NA,      NA,      94,      NA,      NA,      NA,      NA,      92,
      NA,      NA,      NA,      90,      92,      NA,      NA,      NA,      NA,      92,       0,      NA,      NA,      94,      NA,      NA,      NA,      NA,      NA,      NA,      NA,      92,      NA,      91,      96,
      95,      NA,      99,      NA,      97,      NA,      98,      NA,      NA,      NA,      NA,       0,      NA,      97,      NA,      NA,      NA,      NA,      NA,      NA,      NA,      91,      NA,      NA,      NA,
      NA,      NA,      NA,      NA,      99,      99,      NA,      NA,      NA,      NA,      NA,      NA,       0,      NA,      NA,      NA,      NA,      NA,      NA,      NA,      NA,      NA,      NA,      NA,      98,
       2,      91,      NA,      NA,      NA,      NA,      NA,      91,      NA,      NA,      98,      97,      NA,       0,      NA,      NA,       2,      NA,      NA,      NA,      NA,      NA,      NA,      97,      98,
      NA,      NA,      NA,      NA,      90,      NA,      NA,      NA,      96,      NA,      NA,      NA,      NA,      NA,       0,      94,      NA,      NA,      NA,      NA,      NA,      96,      NA,      NA,      93,
      90,      NA,      95,      NA,      NA,      NA,      NA,      NA,      NA,      NA,      NA,      99,      97,      NA,      NA,       0,      NA,      NA,      NA,      NA,      NA,      NA,      NA,       5,      NA,
      NA,      NA,      91,       5,      NA,      96,      98,      NA,      NA,      NA,      NA,      NA,      NA,       2,      NA,      NA,       0,      NA,      NA,      NA,      91,      NA,      NA,      NA,      NA,
      NA,      91,      NA,      NA,      NA,      91,      NA,      NA,      NA,      NA,      NA,      NA,      NA,      NA,      NA,      NA,       5,       0,      NA,      NA,      NA,       5,      96,      NA,      NA,
      NA,      NA,      94,      95,      NA,      99,      92,      NA,      NA,      95,      NA,      NA,      NA,      NA,      90,      99,      96,      NA,       0,      NA,      95,      NA,      NA,      NA,      NA,
      NA,      NA,      93,      NA,      NA,      NA,      NA,      NA,      NA,      92,      NA,      NA,      NA,      NA,       5,      NA,      NA,       4,      98,       0,      NA,      NA,      NA,      NA,      90,
      NA,      NA,      98,      NA,      NA,      NA,      NA,      NA,      NA,      NA,       5,      NA,      90,      NA,      NA,      NA,      NA,      NA,      NA,      NA,       0,      93,      NA,      NA,      92,
      95,      NA,      NA,      NA,      90,      NA,      NA,      NA,      NA,      NA,      NA,      NA,      NA,      90,      NA,      NA,      NA,      NA,      90,      NA,      NA,       0,      NA,      92,      NA,
      NA,      95,      NA,      93,      NA,      NA,      NA,      NA,      NA,      NA,      NA,      NA,      94,      97,      97,      NA,      NA,       5,      NA,      NA,      NA,      NA,       0,      NA,      NA,
      NA,      99,      NA,      NA,      NA,      NA,      NA,      NA,      NA,      NA,      97,      NA,      NA,      NA,      NA,      NA,      NA,      NA,      NA,      94,      NA,      NA,      NA,       0,       2,
      97,      NA,      NA,      NA,      NA,      NA,       5,      NA,      NA,      NA,      96,      94,      NA,       3,      NA,      NA,      NA,      NA,      NA,      92,      NA,      NA,      NA,      NA,       0,
Original:
Elapsed Time: 0
-----------------------------------------------------------------------------
All pairs shortest paths:
       0,     184,      97,      98,      98,     102,      95,     184,     102,      98,      95,     101,     180,      93,      93,     102,      95,     189,       3,     189,      90,     183,     190,     107,     109,
      95,       0,      96,     100,      93,     188,     102,     184,     101,     188,     190,     100,     186,      93,     101,     189,      95,      97,      93,     189,     185,       3,      92,      95,      97,
      90,     183,       0,      95,      95,     183,     102,     186,       5,     188,     109,       4,     194,      95,       5,      99,      93,      92,      93,     186,     104,      95,     187,     104,      98,
      92,     186,     184,       0,     186,     186,     186,     193,     189,     183,      94,     188,     186,     102,      96,     190,     100,      95,      95,      91,     182,     100,      92,     185,     181,
      93,     186,       3,      98,       0,     186,     105,     189,       8,     191,     112,       7,     193,      98,       8,      96,      96,      95,      96,     189,     107,      98,     190,     101,     101,
      97,     186,     188,      94,     191,       0,     104,      91,     193,     195,     188,      94,     277,      95,     190,     199,      97,      96,     100,     185,     187,     101,     186,     192,      99,
       7,      96,      98,      12,     105,     103,       0,      96,     103,     105,     102,      99,     187,       5,     100,     109,       7,     107,      10,     103,      97,      99,     104,     102,     103,
       6,      95,      97,      11,     100,     102,     101,       0,     102,     104,     101,       3,     186,       4,      99,     108,       6,      99,       9,     102,      96,      94,      98,     101,     102,
      96,     185,     187,      90,     194,     192,     186,     185,       0,     189,     104,      99,     189,      94,     184,     193,      96,     185,      94,     181,      99,     188,     182,     191,     191,
      94,     186,     187,     102,     186,      94,      97,     185,     192,       0,      94,     186,     274,      95,      99,     193,      97,      98,      97,      94,     184,     103,     194,     185,      92,
      96,     185,      95,      90,      92,     186,      98,     185,     100,      92,       0,      99,     276,      94,     100,     188,      96,     185,      99,     181,     186,      92,     182,      91,      93,
      95,     188,      99,     104,      97,     195,      98,     188,     104,     193,     190,       0,     275,      97,     104,     193,      99,     191,      98,     195,     185,      91,     196,     183,     185,
     103,     192,     102,     108,      99,      99,     103,     190,     107,     201,     194,     106,       0,     101,     107,     195,     103,     194,     106,     190,     193,     195,     200,     198,      98,
       2,      91,      93,       7,     100,      98,      97,      91,      98,     100,      97,      94,     182,       0,      95,     104,       2,     102,       5,      98,      92,      94,      99,      97,      98,
      98,     187,      93,     103,      90,     194,      98,     187,      96,     196,     189,      97,     191,      96,       0,      94,      98,     185,     101,     185,     188,      96,     195,      99,      93,
      12,     101,      95,      17,     110,     108,      12,     101,     100,     110,     102,      99,      97,      10,     100,       0,      12,     103,      15,      99,     102,     104,     109,       5,       7,
       4,      93,      91,       5,     102,      96,      98,      93,      96,     102,      96,      95,     181,       2,      96,     106,       0,     100,       7,      96,      91,      96,      97,      99,     100,
       9,      91,      96,      10,      95,      91,     103,      98,     101,     107,     101,     100,     186,       7,     101,     111,       5,       0,      12,     101,      96,       5,      96,      97,      99,
      99,     188,      94,      95,     180,      99,      92,     188,      99,      95,     100,      98,     185,      97,      90,      99,      96,     186,       0,     186,      95,     186,     187,     104,     106,
      13,      95,      93,      14,      95,      95,      95,     102,      98,      92,     105,      97,     190,      11,       5,      99,       9,       4,      16,       0,     100,       9,     100,     101,      90,
      97,     186,      98,      95,      97,     189,      97,     186,     103,      97,       5,     102,      90,      95,     103,     193,      97,     188,     100,     184,       0,      93,     187,      96,      92,
      92,     181,      93,      97,      90,     188,      99,     181,      98,     185,     187,      97,     272,      90,      98,     186,      92,     185,      90,     186,     182,       0,     189,      92,      94,
      14,      95,     101,      15,     100,      96,     108,     103,     106,     112,     106,     105,      94,      12,      97,     116,      10,       5,      17,     106,     101,      10,       0,     102,     104,
       7,      96,      98,      12,     105,     103,       7,      96,     103,     105,      97,      96,     187,       5,      99,     109,       7,      98,      10,      94,      97,      99,     104,       0,       2,
       5,      94,      96,      10,     103,     101,       5,      94,     101,     103,      96,      94,     185,       3,      97,     107,       5,      96,       8,      92,      95,      97,     102,     100,       0,
All pairs shortest paths:
Elapsed Time: 0
-----------------------------------------------------------------------------
Actual shortest paths:
            [1],     [1, 14, 2],     [1, 19, 3],     [1, 19, 4],         [1, 5],     [1, 19, 6],     [1, 19, 7],     [1, 14, 8],  [1, 19, 3, 9],    [1, 19, 10],    [1, 21, 11], [1, 19, 3, 12],    [1, 21, 13],        [1, 14],    [1, 19, 15],    [1, 19, 16],    [1, 14, 17], [1, 19, 3, 18],        [1, 19], [1, 19, 4, 20],        [1, 21],    [1, 21, 22], [1, 19, 4, 23],[1, 19, 16, 24],[1, 19, 16, 24, 25],
 [2, 22, 14, 1],            [2],  [2, 22, 5, 3],[2, 22, 14, 17, 4],     [2, 22, 5], [2, 23, 18, 6],[2, 22, 24, 25, 7], [2, 22, 14, 8],[2, 22, 5, 3, 9],[2, 22, 19, 10],[2, 22, 14, 1, 21, 11],[2, 22, 5, 3, 12],    [2, 23, 13],    [2, 22, 14],[2, 22, 5, 3, 15], [2, 22, 5, 16],[2, 22, 14, 17],    [2, 23, 18],    [2, 22, 19],[2, 22, 24, 20],[2, 22, 14, 1, 21],        [2, 22],        [2, 23],    [2, 22, 24],[2, 22, 24, 25],
         [3, 1],     [3, 18, 2],            [3],      [3, 9, 4],     [3, 15, 5],     [3, 18, 6],     [3, 12, 7], [3, 17, 14, 8],         [3, 9], [3, 1, 19, 10], [3, 9, 21, 11],        [3, 12], [3, 9, 21, 13],    [3, 17, 14],        [3, 15],    [3, 15, 16],        [3, 17],        [3, 18],     [3, 1, 19],  [3, 9, 4, 20],     [3, 9, 21],    [3, 12, 22],  [3, 9, 4, 23],[3, 15, 16, 24],    [3, 15, 25],
         [4, 1], [4, 20, 18, 2],     [4, 20, 3],            [4],     [4, 11, 5], [4, 20, 18, 6], [4, 20, 25, 7],[4, 20, 18, 17, 14, 8],  [4, 20, 3, 9],    [4, 20, 10],        [4, 11], [4, 20, 3, 12],    [4, 23, 13],[4, 20, 18, 17, 14],    [4, 20, 15],[4, 20, 15, 16],[4, 20, 18, 17],    [4, 20, 18],     [4, 1, 19],        [4, 20],     [4, 1, 21],[4, 20, 18, 22],        [4, 23],    [4, 11, 24],    [4, 20, 25],
      [5, 3, 1],  [5, 3, 18, 2],         [5, 3],   [5, 3, 9, 4],            [5],  [5, 3, 18, 6],  [5, 3, 12, 7],[5, 3, 17, 14, 8],      [5, 3, 9],[5, 3, 1, 19, 10],[5, 3, 9, 21, 11],     [5, 3, 12],    [5, 16, 13], [5, 3, 17, 14],     [5, 3, 15],        [5, 16],     [5, 3, 17],     [5, 3, 18],  [5, 3, 1, 19],[5, 3, 9, 4, 20],  [5, 3, 9, 21], [5, 3, 12, 22],[5, 3, 9, 4, 23],    [5, 16, 24], [5, 3, 15, 25],
  [6, 8, 14, 1],  [6, 8, 14, 2],[6, 8, 14, 17, 3],         [6, 4],  [6, 8, 12, 5],            [6],     [6, 25, 7],         [6, 8],[6, 8, 14, 17, 3, 9],[6, 8, 14, 1, 19, 10],     [6, 4, 11],     [6, 8, 12],[6, 8, 14, 1, 21, 13],     [6, 8, 14],[6, 8, 14, 1, 19, 15],[6, 8, 14, 1, 19, 16], [6, 8, 14, 17],        [6, 18],[6, 8, 14, 1, 19],     [6, 4, 20],[6, 8, 14, 1, 21],    [6, 18, 22],     [6, 4, 23], [6, 8, 14, 24],        [6, 25],
     [7, 14, 1],     [7, 14, 2], [7, 14, 17, 3], [7, 14, 17, 4],  [7, 14, 1, 5], [7, 14, 17, 6],            [7],     [7, 14, 8],[7, 14, 17, 3, 9],[7, 14, 1, 19, 10],[7, 14, 1, 21, 11], [7, 14, 8, 12],[7, 14, 1, 21, 13],        [7, 14],[7, 14, 1, 19, 15],[7, 14, 1, 19, 16],    [7, 14, 17],[7, 14, 17, 4, 20, 18], [7, 14, 1, 19],[7, 14, 17, 4, 20], [7, 14, 1, 21], [7, 14, 2, 22],[7, 14, 17, 4, 23],    [7, 14, 24],    [7, 14, 25],
     [8, 14, 1],     [8, 14, 2], [8, 14, 17, 3], [8, 14, 17, 4],     [8, 12, 5], [8, 14, 17, 6],     [8, 12, 7],            [8],[8, 14, 17, 3, 9],[8, 14, 1, 19, 10],[8, 14, 1, 21, 11],        [8, 12],[8, 14, 1, 21, 13],        [8, 14],[8, 14, 1, 19, 15],[8, 14, 1, 19, 16],    [8, 14, 17],        [8, 18], [8, 14, 1, 19],[8, 14, 17, 4, 20], [8, 14, 1, 21],    [8, 12, 22],        [8, 23],    [8, 14, 24],    [8, 14, 25],
     [9, 14, 1],     [9, 14, 2], [9, 14, 17, 3],         [9, 4],  [9, 14, 1, 5], [9, 14, 17, 6],     [9, 19, 7],     [9, 14, 8],            [9],    [9, 19, 10],    [9, 21, 11],        [9, 12],    [9, 21, 13],        [9, 14],    [9, 19, 15],    [9, 19, 16],    [9, 14, 17], [9, 4, 20, 18],        [9, 19],     [9, 4, 20],        [9, 21], [9, 14, 2, 22],     [9, 4, 23],    [9, 14, 24],    [9, 21, 25],
        [10, 1],[10, 25, 14, 2],    [10, 20, 3],[10, 25, 14, 17, 4],    [10, 11, 5],        [10, 6],    [10, 25, 7],     [10, 6, 8], [10, 20, 3, 9],           [10],       [10, 11],   [10, 25, 12],[10, 1, 21, 13],   [10, 25, 14],   [10, 20, 15],[10, 20, 15, 16],[10, 25, 14, 17],   [10, 20, 18],    [10, 1, 19],       [10, 20],    [10, 1, 21],[10, 20, 18, 22],[10, 20, 18, 23],   [10, 11, 24],       [10, 25],
    [11, 14, 1],    [11, 14, 2],     [11, 5, 3],        [11, 4],        [11, 5],    [11, 10, 6],[11, 24, 25, 7],    [11, 14, 8],  [11, 5, 3, 9],       [11, 10],           [11], [11, 5, 3, 12],[11, 14, 1, 21, 13],       [11, 14], [11, 5, 3, 15],    [11, 5, 16],   [11, 14, 17],[11, 4, 20, 18],[11, 14, 1, 19],    [11, 4, 20],[11, 14, 1, 21],       [11, 22],    [11, 4, 23],       [11, 24],   [11, 24, 25],
        [12, 1],    [12, 14, 2],        [12, 3],[12, 14, 17, 4],        [12, 5],[12, 14, 17, 6],        [12, 7],    [12, 14, 8],     [12, 3, 9],[12, 1, 19, 10],[12, 1, 21, 11],           [12],[12, 1, 21, 13],       [12, 14],    [12, 3, 15],    [12, 5, 16],   [12, 14, 17],    [12, 3, 18],    [12, 1, 19],[12, 14, 17, 4, 20],    [12, 1, 21],       [12, 22],[12, 14, 17, 4, 23],   [12, 22, 24],[12, 22, 24, 25],
[13, 25, 14, 1],[13, 25, 14, 2],     [13, 5, 3],[13, 25, 14, 17, 4],        [13, 5],        [13, 6],    [13, 25, 7],     [13, 6, 8],  [13, 5, 3, 9],[13, 25, 14, 1, 19, 10],   [13, 25, 11], [13, 5, 3, 12],           [13],   [13, 25, 14], [13, 5, 3, 15],    [13, 5, 16],[13, 25, 14, 17], [13, 5, 3, 18],[13, 25, 14, 1, 19],   [13, 25, 20],[13, 25, 14, 1, 21],[13, 25, 14, 2, 22],[13, 25, 14, 17, 4, 23],[13, 25, 14, 24],       [13, 25],
        [14, 1],        [14, 2],    [14, 17, 3],    [14, 17, 4],     [14, 1, 5],    [14, 17, 6], [14, 1, 19, 7],        [14, 8], [14, 17, 3, 9],[14, 1, 19, 10],[14, 1, 21, 11],    [14, 8, 12],[14, 1, 21, 13],           [14],[14, 1, 19, 15],[14, 1, 19, 16],       [14, 17],[14, 17, 4, 20, 18],    [14, 1, 19],[14, 17, 4, 20],    [14, 1, 21],    [14, 2, 22],[14, 17, 4, 23],       [14, 24],       [14, 25],
[15, 25, 14, 1],[15, 25, 14, 2],     [15, 5, 3],[15, 25, 14, 17, 4],        [15, 5],[15, 25, 14, 17, 6],    [15, 25, 7],[15, 25, 14, 8],        [15, 9],[15, 25, 14, 1, 19, 10],   [15, 25, 11], [15, 5, 3, 12],   [15, 16, 13],   [15, 25, 14],           [15],       [15, 16],[15, 25, 14, 17], [15, 5, 3, 18],[15, 25, 14, 1, 19],   [15, 25, 20],[15, 25, 14, 1, 21],       [15, 22],[15, 25, 14, 17, 4, 23],   [15, 16, 24],       [15, 25],
[16, 24, 25, 14, 1],[16, 24, 25, 14, 2],        [16, 3],[16, 24, 25, 14, 17, 4],[16, 24, 25, 14, 1, 5],[16, 24, 25, 14, 17, 6],[16, 24, 25, 7],[16, 24, 25, 14, 8],     [16, 3, 9],[16, 24, 25, 14, 1, 19, 10],   [16, 24, 11],       [16, 12],       [16, 13],[16, 24, 25, 14],    [16, 3, 15],           [16],[16, 24, 25, 14, 17],[16, 24, 20, 18],[16, 24, 25, 14, 1, 19],   [16, 24, 20],[16, 24, 25, 14, 1, 21],[16, 24, 25, 14, 2, 22],[16, 24, 25, 14, 17, 4, 23],       [16, 24],   [16, 24, 25],
    [17, 14, 1],    [17, 14, 2],        [17, 3],        [17, 4], [17, 14, 1, 5],        [17, 6],        [17, 7],    [17, 14, 8],     [17, 3, 9],[17, 14, 1, 19, 10],   [17, 21, 11],    [17, 3, 12],   [17, 21, 13],       [17, 14],    [17, 3, 15],[17, 14, 1, 19, 16],           [17],[17, 4, 20, 18],[17, 14, 1, 19],    [17, 4, 20],       [17, 21],[17, 14, 2, 22],    [17, 4, 23],   [17, 14, 24],   [17, 14, 25],
[18, 17, 14, 1],        [18, 2],    [18, 17, 3],    [18, 17, 4],    [18, 22, 5],        [18, 6],    [18, 17, 7],[18, 17, 14, 8], [18, 17, 3, 9],[18, 17, 14, 1, 19, 10],[18, 17, 21, 11],[18, 17, 3, 12],[18, 17, 21, 13],   [18, 17, 14],[18, 17, 3, 15],[18, 17, 14, 1, 19, 16],       [18, 17],           [18],[18, 17, 14, 1, 19],[18, 17, 4, 20],   [18, 17, 21],       [18, 22],       [18, 23],   [18, 22, 24],[18, 22, 24, 25],
 [19, 7, 14, 1], [19, 7, 14, 2],        [19, 3],        [19, 4],    [19, 15, 5],        [19, 6],        [19, 7], [19, 7, 14, 8],     [19, 3, 9],       [19, 10],   [19, 21, 11],    [19, 3, 12],   [19, 21, 13],    [19, 7, 14],       [19, 15],       [19, 16],       [19, 17],    [19, 3, 18],           [19],    [19, 4, 20],       [19, 21],   [19, 15, 22],    [19, 4, 23],   [19, 16, 24],[19, 16, 24, 25],
[20, 18, 17, 14, 1],    [20, 18, 2],        [20, 3],[20, 18, 17, 4],    [20, 15, 5],    [20, 18, 6],    [20, 25, 7],[20, 18, 17, 14, 8],     [20, 3, 9],       [20, 10],[20, 18, 17, 21, 11],    [20, 3, 12],[20, 18, 17, 21, 13],[20, 18, 17, 14],       [20, 15],   [20, 15, 16],   [20, 18, 17],       [20, 18],[20, 18, 17, 14, 1, 19],           [20],[20, 18, 17, 21],   [20, 18, 22],   [20, 18, 23],[20, 18, 22, 24],       [20, 25],
[21, 25, 14, 1],[21, 25, 14, 2],        [21, 3],    [21, 11, 4],    [21, 11, 5],    [21, 13, 6],    [21, 25, 7],[21, 25, 14, 8],     [21, 3, 9],   [21, 11, 10],       [21, 11],    [21, 3, 12],       [21, 13],   [21, 25, 14],    [21, 3, 15],[21, 11, 5, 16],[21, 25, 14, 17],[21, 25, 20, 18],[21, 25, 14, 1, 19],   [21, 25, 20],           [21],       [21, 22],[21, 11, 4, 23],   [21, 11, 24],       [21, 25],
    [22, 14, 1],    [22, 14, 2],     [22, 5, 3],[22, 14, 17, 4],        [22, 5],[22, 14, 17, 6],[22, 24, 25, 7],    [22, 14, 8],  [22, 5, 3, 9],   [22, 19, 10],[22, 14, 1, 21, 11], [22, 5, 3, 12],[22, 14, 1, 21, 13],       [22, 14], [22, 5, 3, 15],    [22, 5, 16],   [22, 14, 17], [22, 5, 3, 18],       [22, 19],   [22, 24, 20],[22, 14, 1, 21],           [22],[22, 14, 17, 4, 23],       [22, 24],   [22, 24, 25],
[23, 18, 17, 14, 1],        [23, 2],[23, 18, 17, 3],[23, 18, 17, 4],[23, 18, 22, 5],    [23, 18, 6],[23, 18, 17, 7],[23, 18, 17, 14, 8],[23, 18, 17, 3, 9],[23, 18, 17, 14, 1, 19, 10],[23, 18, 17, 21, 11],[23, 18, 17, 3, 12],       [23, 13],[23, 18, 17, 14],       [23, 15],[23, 18, 17, 14, 1, 19, 16],   [23, 18, 17],       [23, 18],[23, 18, 17, 14, 1, 19],[23, 18, 17, 4, 20],[23, 18, 17, 21],   [23, 18, 22],           [23],[23, 18, 22, 24],[23, 18, 22, 24, 25],
[24, 25, 14, 1],[24, 25, 14, 2],[24, 25, 14, 17, 3],[24, 25, 14, 17, 4],[24, 25, 14, 1, 5],[24, 25, 14, 17, 6],    [24, 25, 7],[24, 25, 14, 8],[24, 25, 14, 17, 3, 9],[24, 25, 14, 1, 19, 10],       [24, 11],   [24, 25, 12],[24, 25, 14, 1, 21, 13],   [24, 25, 14],   [24, 20, 15],[24, 25, 14, 1, 19, 16],[24, 25, 14, 17],   [24, 20, 18],[24, 25, 14, 1, 19],       [24, 20],[24, 25, 14, 1, 21],[24, 25, 14, 2, 22],[24, 25, 14, 17, 4, 23],           [24],       [24, 25],
    [25, 14, 1],    [25, 14, 2],[25, 14, 17, 3],[25, 14, 17, 4], [25, 14, 1, 5],[25, 14, 17, 6],        [25, 7],    [25, 14, 8],[25, 14, 17, 3, 9],[25, 14, 1, 19, 10],       [25, 11],       [25, 12],[25, 14, 1, 21, 13],       [25, 14],   [25, 20, 15],[25, 14, 1, 19, 16],   [25, 14, 17],   [25, 20, 18],[25, 14, 1, 19],       [25, 20],[25, 14, 1, 21],[25, 14, 2, 22],[25, 14, 17, 4, 23],   [25, 14, 24],           [25],
Actual shortest paths:
Elapsed Time: 3
-----------------------------------------------------------------------------
Original flow Matrix:
       0,       0,       0,       0,       2,      93,       0,      95,      96,       0,       0,       0,       0,       0,      99,       0,       0,      90,       0,      92,      92,       0,      90,      90,       0,
       0,       0,      92,      99,      97,       0,      94,       0,       0,       0,       0,       0,       0,      92,       4,      92,       3,       0,       0,      99,       0,       0,       0,      96,      94,
       5,      96,       0,      92,       0,      99,       0,      97,      92,       0,       0,      91,      98,      94,       0,       0,       0,      92,       0,       0,      92,       0,       0,      99,      92,
      91,       0,       0,       0,      95,       0,       0,      95,       0,       0,      93,      94,       0,       0,       0,      95,      98,       0,       0,       0,      91,       0,       0,      99,       4,
       0,      99,      93,       0,       0,       0,       4,      93,      91,       0,       0,       0,       0,       0,       0,       0,      92,       0,      92,      96,       0,       0,       0,      92,       0,
       0,       0,      90,       0,       0,       0,       0,       0,      94,      92,       0,      99,       0,       0,      99,       0,      91,       0,       0,       0,       0,       0,       0,      96,      97,
       0,      99,      93,       0,       0,       0,       0,       0,       0,       0,      90,       0,       0,       0,       0,       0,      95,       0,      94,      90,      91,       0,       0,      93,       0,
       0,       0,       0,       0,       0,       0,      92,       0,      93,       5,       0,       0,       0,       0,       0,       0,       4,       0,       0,      93,      90,       0,       0,       4,      94,
      93,       0,       0,      92,      90,       0,       0,      95,       0,       0,       0,      95,      98,       0,      99,       0,      96,       0,      95,       0,       0,       0,      95,       0,      96,
       0,       0,       0,      93,      93,       0,       0,      93,      93,       0,      95,       0,       0,      91,      96,       0,      94,      94,       0,       0,       0,       0,       0,      97,       0,
      93,       0,      92,       0,      92,       0,       0,       0,       0,       0,       0,       3,       0,       0,      93,       0,       0,       0,      97,      92,       0,       0,      98,      91,      97,
       0,       0,      99,       0,       0,       3,       0,      96,       0,       0,      96,       0,       0,       0,       0,      90,      95,      90,      95,       0,      91,      95,       0,      90,      98,
       0,       0,       0,      94,       4,       0,      94,       0,       0,      98,       0,       0,       0,       0,       0,       0,       0,       0,       0,       0,      99,      90,      96,       5,       0,
       0,      96,       0,       0,      98,      96,       0,       2,      91,       0,      95,      91,      95,       0,       0,      96,      99,       0,      98,       0,       0,      99,       0,      99,       0,
      97,       0,       0,      92,       0,      97,       0,       0,       0,      92,      99,       0,      90,       0,       0,       0,      95,       0,      96,       0,      94,       0,       0,       0,       0,
       0,      95,       0,       0,       0,       5,       0,      96,       0,       0,       0,       0,      95,      95,      92,       0,       0,      91,       0,      93,       0,      96,       0,      92,       0,
      96,       0,      95,      94,      97,       0,       0,       0,      98,      95,       0,       0,       0,       0,       0,       0,       0,       0,      95,      98,       0,      90,       0,      91,       0,
       0,       0,       0,       0,       0,      97,       0,       3,       0,      93,      91,       0,       0,      94,       0,       2,      92,       0,       0,      93,      90,       0,      96,      96,      96,
       0,      93,      92,       0,       0,       0,      94,       0,      99,      96,       0,       0,       0,      95,       0,      99,       0,      90,       0,      98,       0,       2,      96,       0,      98,
      91,       0,       0,      90,       0,       0,      90,       0,       0,       0,       0,      91,      97,      98,       0,      99,      97,       0,      97,       0,      92,       0,       0,       0,       0,
       0,       0,      94,      90,       0,      99,      95,       0,      94,       0,       0,       0,       0,       0,      96,      95,       0,      95,       0,       0,       0,      99,       0,       0,       0,
       0,       0,      98,       0,       0,       0,       0,       0,       0,       0,      97,       0,       0,       0,       0,       0,       0,      97,       0,      94,       0,       0,      96,      95,       0,
      96,       0,       0,       0,      90,       0,      97,      96,       0,       0,      94,       0,       0,       0,      96,       0,       5,       0,       0,      95,       0,      99,       0,       0,      90,
       0,      98,      91,      90,       0,       0,       0,       0,       0,      97,      92,       0,      93,       0,       0,       0,      96,      95,       0,       0,       0,       0,      96,       0,      93,
       0,      98,       0,       0,      90,       0,       0,      99,       0,      94,      98,      92,      94,       0,       0,       0,       0,      92,       0,      95,       0,      90,       0,       0,       0,
Original flow Matrix:
Elapsed Time: 3
-----------------------------------------------------------------------------
Edge Traffic:
       0,      NA,      NA,      NA,     377,      NA,      NA,      NA,      NA,      NA,      NA,      NA,      NA,      95,      NA,      NA,      NA,      NA,    2277,      NA,    1308,      NA,      NA,      NA,      NA,
      NA,       0,      NA,      NA,       0,      NA,      NA,      NA,      NA,      NA,      NA,      NA,      NA,      NA,      NA,      NA,      NA,      NA,      NA,      NA,      NA,    1327,       0,      NA,      NA,
      97,      NA,       0,      NA,       0,      NA,      NA,      NA,    1319,      NA,      NA,     283,      NA,      NA,     476,      NA,     376,     753,      NA,      NA,      NA,      NA,      NA,      NA,      NA,
     182,      NA,      NA,       0,      NA,      NA,      NA,      NA,      NA,      NA,     287,      NA,      NA,      NA,      NA,      NA,      NA,      NA,      NA,    1233,      NA,      NA,     667,      NA,      NA,
      NA,      NA,    1139,      NA,       0,      NA,      NA,      NA,      NA,      NA,      NA,       0,      NA,      NA,      NA,     369,      NA,      NA,      NA,      NA,      NA,      NA,      NA,      NA,      NA,
      NA,      NA,      NA,       0,      NA,       0,      NA,     754,      NA,      NA,      NA,      NA,      NA,      NA,      NA,      NA,      NA,       0,      NA,      NA,      NA,      NA,      NA,      NA,      97,
      NA,      NA,      NA,      NA,      NA,      NA,       0,      NA,      NA,      NA,      NA,      NA,      NA,     933,      NA,      NA,      NA,      NA,      NA,      NA,      NA,      NA,      NA,      NA,      NA,
      NA,      NA,       0,      NA,      NA,      NA,      NA,       0,      NA,      NA,      NA,     282,      NA,     945,      NA,      NA,      NA,       0,      NA,      NA,      NA,      NA,       0,      NA,      NA,
       0,      NA,      NA,     375,      NA,      NA,      NA,      NA,       0,      NA,      NA,      95,      NA,     374,      NA,      NA,      NA,      NA,     194,      NA,     384,      NA,      NA,      NA,      NA,
       0,      NA,      NA,      NA,      NA,      93,      NA,      NA,      NA,       0,     285,      NA,      NA,      NA,      NA,      NA,      NA,      NA,      NA,     283,      NA,      NA,      NA,      NA,     278,
      NA,      NA,      NA,     280,     563,      NA,      NA,      NA,      NA,       0,       0,      NA,      NA,     190,      NA,      NA,      NA,      NA,      NA,      NA,      NA,       0,      NA,     384,       0,
     282,      NA,     189,      NA,      90,      NA,      96,      NA,      NA,      NA,      NA,       0,      NA,     194,      NA,      NA,      NA,      NA,      NA,      NA,      NA,     283,      NA,      NA,      NA,
      NA,      NA,      NA,      NA,       4,      99,      NA,      NA,      NA,      NA,      NA,      NA,       0,      NA,      NA,      NA,      NA,      NA,      NA,      NA,      NA,      NA,      NA,      NA,     576,
    3319,    1044,      NA,      NA,      NA,      NA,      NA,     958,      NA,      NA,       0,       0,      NA,       0,      NA,      NA,    2460,      NA,      NA,      NA,      NA,      NA,      NA,     388,      94,
      NA,      NA,      NA,      NA,       0,      NA,      NA,      NA,       0,      NA,      NA,      NA,      NA,      NA,       0,     383,      NA,      NA,      NA,      NA,      NA,       2,      NA,      NA,     854,
       0,      NA,      92,      NA,      NA,      NA,      NA,      NA,      NA,      NA,      NA,       0,     185,      NA,      NA,       0,      NA,      NA,      NA,      NA,      NA,      NA,      NA,    1042,      NA,
      NA,      NA,     745,    1409,      NA,     201,      97,      NA,      NA,      NA,      NA,      NA,      NA,    1613,      NA,      NA,       0,      NA,      NA,      NA,     464,      NA,      NA,      NA,      NA,
      NA,     195,      NA,      NA,      NA,     196,      NA,      NA,      NA,      NA,      NA,      NA,      NA,      NA,      NA,      NA,    1896,       0,      NA,      NA,      NA,     471,      96,      NA,      NA,
      NA,      NA,     467,     376,      NA,      93,     282,      NA,      NA,     762,      NA,      NA,      NA,      NA,     299,     385,       0,      NA,       0,      NA,       0,      NA,      NA,      NA,      NA,
      NA,      NA,     278,      NA,      NA,      NA,      NA,      NA,      NA,       0,      NA,      NA,      NA,      NA,     290,      NA,      NA,    1322,       0,       0,      NA,      NA,      NA,      NA,      94,
      NA,      NA,     284,      NA,      NA,      NA,      NA,      NA,      NA,      NA,     748,      NA,     674,      NA,      NA,      NA,      NA,      NA,      NA,      NA,       0,      99,      NA,      NA,     286,
       0,      NA,      NA,      NA,     570,      NA,      NA,      NA,      NA,      NA,      NA,      NA,      NA,     387,      NA,      NA,      NA,      NA,       0,      NA,      NA,       0,      NA,    1042,      NA,
      NA,       0,      NA,       0,      NA,      NA,      NA,      NA,      NA,      NA,      NA,      NA,       0,       0,      96,      NA,      NA,     762,      NA,      NA,      NA,      NA,       0,      NA,      NA,
      NA,       0,      NA,      NA,      NA,      NA,      NA,      NA,      NA,      NA,      92,      NA,      NA,      NA,      NA,      NA,      NA,      NA,      NA,     472,      NA,      NA,      NA,       0,    1808,
       0,      NA,      NA,      NA,      NA,      NA,     373,      NA,      NA,      NA,     197,      92,      NA,    3036,      NA,      NA,      NA,      NA,      NA,     282,      NA,      NA,      NA,      NA,       0,

Edge Traffic:
Elapsed Time: 3
-----------------------------------------------------------------------------
All pairs sneaky paths:
       0,     284,     284,     188,     185,     188,     191,     942,     380,      95,      95,      95,     284,      95,     380,     480,      95,     188,      95,     377,      95,      95,     284,     479,      95,
       0,       0,     189,       0,       0,      93,      96,     847,      96,       0,       0,       0,       0,       0,      96,     369,       0,      93,       0,     282,       0,       0,       0,     384,       0,
      97,     381,       0,     285,       0,     285,      96,    1039,     476,     192,     192,       0,     381,     192,     476,     369,     192,     285,     192,     474,     192,     192,     381,     576,     192,
     182,     466,     466,       0,     367,     370,     373,    1124,     562,     277,     277,     277,     466,     277,     562,     662,     277,     370,     277,     559,     277,     277,     466,     661,     277,
     194,     383,     189,     287,       0,     287,      96,    1041,     479,     194,     194,       0,     383,     194,     479,     369,     194,     287,     194,     476,     194,     194,     383,     578,     194,
      96,      96,     285,       0,      96,       0,     192,     754,     192,      96,      96,      96,      96,      96,     192,     465,      96,       0,      96,     378,      96,      96,      96,     480,      96,
     933,    1122,    1122,    1026,    1023,    1026,       0,    1780,    1218,     933,     933,     933,    1122,     933,    1218,    1318,     933,    1026,     933,    1215,     933,     933,    1122,    1317,     933,
       0,       0,       0,       0,       0,      93,      96,       0,      96,       0,       0,       0,       0,       0,      96,     369,       0,       0,       0,     282,       0,       0,       0,     384,       0,
       0,     284,     284,     188,     185,     188,     191,     942,       0,      95,      95,      95,     284,      95,     380,     480,      95,     188,      95,     377,      95,      95,     284,     479,      95,
       0,     189,     284,      93,     185,      93,     191,     847,     285,       0,      95,      95,     189,      95,     285,     480,      95,      93,      95,     283,      95,      95,     189,     479,      95,
       0,     189,     281,      93,     182,      93,      97,     847,     285,       0,       0,      92,     189,      95,     285,     385,       0,      93,       0,     282,       0,       0,     189,     384,       0,
     194,     383,     189,     287,      90,     287,      96,    1041,     479,     194,     194,       0,     383,     194,     479,     459,     194,     287,     194,     476,     194,     194,     383,     578,     194,
     195,     195,     193,      99,       4,      99,     100,     853,     291,     195,     195,       4,       0,     195,     291,     373,     195,      99,     195,     477,     195,     195,     195,     579,     195,
       0,     189,     189,      93,      90,      93,      96,     847,     285,       0,       0,       0,     189,       0,     285,     385,       0,      93,       0,     282,       0,       0,     189,     384,       0,
       0,     191,     189,      95,       0,      95,      96,     849,       0,      95,      95,       0,     191,      95,       0,     369,       2,      95,       2,     377,       2,       2,     191,     479,      95,
       0,     284,      92,     188,      90,     188,      96,     942,     380,      95,      95,       0,     185,      95,     380,       0,      95,     188,      95,     377,      95,      95,     284,     479,      95,
     297,     297,     486,     201,     297,     201,      97,     955,     393,     297,     297,     297,     297,     297,     393,     666,       0,     201,     297,     579,     297,     297,     297,     681,     297,
      96,      96,     285,      96,      96,     189,     192,     943,     192,      96,      96,      96,      96,      96,     192,     465,      96,       0,      96,     378,      96,      96,      96,     480,      96,
      99,     189,     284,      93,     189,      93,      97,     847,     285,     189,     189,     189,     189,     189,     285,     385,       0,      93,       0,     471,       0,      99,     189,     573,     189,
       0,     189,     278,      93,     185,      93,      97,     847,     285,       0,      95,      95,     189,      95,     285,     385,       0,      93,       0,       0,       0,      95,     189,     479,      94,
      99,     288,     284,     192,     284,     192,     196,     946,     384,     194,     194,     194,     288,     194,     384,     484,      99,     192,      99,     476,       0,      99,     288,     578,     194,
       0,     189,     284,      93,     185,      93,      97,     847,     285,      95,      95,      95,     189,      95,     285,     385,       0,      93,       0,     377,       0,       0,     189,     479,      95,
       0,       0,     189,       0,       0,      93,      96,     847,      96,       0,       0,       0,       0,       0,      96,     369,       0,      93,       0,     282,       0,       0,       0,     384,       0,
       0,       0,     189,       0,       0,      93,      96,     847,      96,       0,       0,       0,       0,       0,      96,     369,       0,      93,       0,     282,       0,       0,       0,       0,       0,
       0,     284,     281,     188,     182,     188,     188,     942,     380,      95,      95,      92,     284,      95,     380,     480,      95,     188,      95,     282,      95,      95,     284,     479,       0,
All pairs sneaky paths:
Elapsed Time: 0
-----------------------------------------------------------------------------
Actual sneaky paths:
            [1],[1, 14, 11, 10, 6, 18, 23, 2], [1, 14, 12, 3],[1, 14, 11, 10, 6, 4], [1, 14, 12, 5],[1, 14, 11, 10, 6], [1, 14, 12, 7],[1, 14, 11, 10, 6, 8],[1, 14, 11, 10, 6, 18, 23, 15, 9],[1, 14, 11, 10],    [1, 14, 11],    [1, 14, 12],[1, 14, 11, 10, 6, 18, 23, 13],        [1, 14],[1, 14, 11, 10, 6, 18, 23, 15],[1, 14, 11, 22, 19, 16],[1, 14, 11, 22, 19, 17],[1, 14, 11, 10, 6, 18],[1, 14, 11, 22, 19],[1, 14, 11, 25, 20],[1, 14, 11, 22, 19, 21],[1, 14, 11, 22],[1, 14, 11, 10, 6, 18, 23],[1, 14, 11, 24],[1, 14, 11, 25],
[2, 23, 14, 11, 10, 1],            [2],  [2, 5, 12, 3],     [2, 23, 4],         [2, 5],[2, 23, 14, 11, 10, 6],  [2, 5, 12, 7],[2, 23, 14, 11, 10, 6, 8], [2, 23, 15, 9],[2, 23, 14, 11, 10],[2, 23, 14, 11],     [2, 5, 12],    [2, 23, 13],    [2, 23, 14],    [2, 23, 15],     [2, 5, 16],[2, 23, 14, 11, 22, 19, 17],[2, 23, 14, 11, 10, 6, 18],[2, 23, 14, 11, 22, 19],[2, 23, 14, 11, 25, 20],[2, 23, 14, 11, 22, 19, 21],[2, 23, 14, 11, 22],        [2, 23],[2, 23, 14, 11, 24],[2, 23, 14, 11, 25],
         [3, 1],[3, 1, 14, 11, 10, 6, 18, 23, 2],            [3],[3, 1, 14, 11, 10, 6, 4],         [3, 5],[3, 1, 14, 11, 10, 6],  [3, 5, 12, 7],[3, 1, 14, 11, 10, 6, 8],     [3, 15, 9],[3, 1, 14, 11, 10], [3, 1, 14, 11],     [3, 5, 12],[3, 1, 14, 11, 10, 6, 18, 23, 13],     [3, 1, 14],        [3, 15],     [3, 5, 16],[3, 1, 14, 11, 22, 19, 17],[3, 1, 14, 11, 10, 6, 18],[3, 1, 14, 11, 22, 19],[3, 1, 14, 11, 25, 20],[3, 1, 14, 11, 22, 19, 21],[3, 1, 14, 11, 22],[3, 1, 14, 11, 10, 6, 18, 23],[3, 1, 14, 11, 24],[3, 1, 14, 11, 25],
         [4, 1],[4, 1, 14, 11, 10, 6, 18, 23, 2],[4, 1, 14, 12, 3],            [4],[4, 1, 14, 12, 5],[4, 1, 14, 11, 10, 6],[4, 1, 14, 12, 7],[4, 1, 14, 11, 10, 6, 8],[4, 1, 14, 11, 10, 6, 18, 23, 15, 9],[4, 1, 14, 11, 10], [4, 1, 14, 11], [4, 1, 14, 12],[4, 1, 14, 11, 10, 6, 18, 23, 13],     [4, 1, 14],[4, 1, 14, 11, 10, 6, 18, 23, 15],[4, 1, 14, 11, 22, 19, 16],[4, 1, 14, 11, 22, 19, 17],[4, 1, 14, 11, 10, 6, 18],[4, 1, 14, 11, 22, 19],[4, 1, 14, 11, 25, 20],[4, 1, 14, 11, 22, 19, 21],[4, 1, 14, 11, 22],[4, 1, 14, 11, 10, 6, 18, 23],[4, 1, 14, 11, 24],[4, 1, 14, 11, 25],
[5, 12, 14, 11, 10, 1],[5, 12, 14, 11, 10, 6, 18, 23, 2],     [5, 12, 3],[5, 12, 14, 11, 10, 6, 4],            [5],[5, 12, 14, 11, 10, 6],     [5, 12, 7],[5, 12, 14, 11, 10, 6, 8],[5, 12, 14, 11, 10, 6, 18, 23, 15, 9],[5, 12, 14, 11, 10],[5, 12, 14, 11],        [5, 12],[5, 12, 14, 11, 10, 6, 18, 23, 13],    [5, 12, 14],[5, 12, 14, 11, 10, 6, 18, 23, 15],        [5, 16],[5, 12, 14, 11, 22, 19, 17],[5, 12, 14, 11, 10, 6, 18],[5, 12, 14, 11, 22, 19],[5, 12, 14, 11, 25, 20],[5, 12, 14, 11, 22, 19, 21],[5, 12, 14, 11, 22],[5, 12, 14, 11, 10, 6, 18, 23],[5, 12, 14, 11, 24],[5, 12, 14, 11, 25],
[6, 18, 23, 14, 11, 10, 1], [6, 18, 23, 2],[6, 18, 23, 2, 5, 12, 3],         [6, 4],[6, 18, 23, 2, 5],            [6],[6, 18, 23, 2, 5, 12, 7],         [6, 8],[6, 18, 23, 15, 9],[6, 18, 23, 14, 11, 10],[6, 18, 23, 14, 11],[6, 18, 23, 2, 5, 12],[6, 18, 23, 13],[6, 18, 23, 14],[6, 18, 23, 15],[6, 18, 23, 2, 5, 16],[6, 18, 23, 14, 11, 22, 19, 17],        [6, 18],[6, 18, 23, 14, 11, 22, 19],[6, 18, 23, 14, 11, 25, 20],[6, 18, 23, 14, 11, 22, 19, 21],[6, 18, 23, 14, 11, 22],    [6, 18, 23],[6, 18, 23, 14, 11, 24],[6, 18, 23, 14, 11, 25],
[7, 14, 11, 10, 1],[7, 14, 11, 10, 6, 18, 23, 2], [7, 14, 12, 3],[7, 14, 11, 10, 6, 4], [7, 14, 12, 5],[7, 14, 11, 10, 6],            [7],[7, 14, 11, 10, 6, 8],[7, 14, 11, 10, 6, 18, 23, 15, 9],[7, 14, 11, 10],    [7, 14, 11],    [7, 14, 12],[7, 14, 11, 10, 6, 18, 23, 13],        [7, 14],[7, 14, 11, 10, 6, 18, 23, 15],[7, 14, 11, 22, 19, 16],[7, 14, 11, 22, 19, 17],[7, 14, 11, 10, 6, 18],[7, 14, 11, 22, 19],[7, 14, 11, 25, 20],[7, 14, 11, 22, 19, 21],[7, 14, 11, 22],[7, 14, 11, 10, 6, 18, 23],[7, 14, 11, 24],[7, 14, 11, 25],
[8, 23, 14, 11, 10, 1],     [8, 23, 2],         [8, 3],     [8, 23, 4],      [8, 3, 5],[8, 23, 14, 11, 10, 6],[8, 3, 5, 12, 7],            [8], [8, 23, 15, 9],[8, 23, 14, 11, 10],[8, 23, 14, 11],  [8, 3, 5, 12],    [8, 23, 13],    [8, 23, 14],    [8, 23, 15],  [8, 3, 5, 16],[8, 23, 14, 11, 22, 19, 17],        [8, 18],[8, 23, 14, 11, 22, 19],[8, 23, 14, 11, 25, 20],[8, 23, 14, 11, 22, 19, 21],[8, 23, 14, 11, 22],        [8, 23],[8, 23, 14, 11, 24],[8, 23, 14, 11, 25],
         [9, 1],[9, 1, 14, 11, 10, 6, 18, 23, 2],     [9, 12, 3],[9, 1, 14, 11, 10, 6, 4],     [9, 12, 5],[9, 1, 14, 11, 10, 6],     [9, 12, 7],[9, 1, 14, 11, 10, 6, 8],            [9],[9, 1, 14, 11, 10], [9, 1, 14, 11],        [9, 12],[9, 1, 14, 11, 10, 6, 18, 23, 13],     [9, 1, 14],[9, 1, 14, 11, 10, 6, 18, 23, 15],[9, 1, 14, 11, 22, 19, 16],[9, 1, 14, 11, 22, 19, 17],[9, 1, 14, 11, 10, 6, 18],[9, 1, 14, 11, 22, 19],[9, 1, 14, 11, 25, 20],[9, 1, 14, 11, 22, 19, 21],[9, 1, 14, 11, 22],[9, 1, 14, 11, 10, 6, 18, 23],[9, 1, 14, 11, 24],[9, 1, 14, 11, 25],
        [10, 1],[10, 6, 18, 23, 2],[10, 1, 14, 12, 3],     [10, 6, 4],[10, 1, 14, 12, 5],        [10, 6],[10, 1, 14, 12, 7],     [10, 6, 8],[10, 6, 18, 23, 15, 9],           [10],[10, 1, 14, 11],[10, 1, 14, 12],[10, 6, 18, 23, 13],    [10, 1, 14],[10, 6, 18, 23, 15],[10, 1, 14, 11, 22, 19, 16],[10, 1, 14, 11, 22, 19, 17],    [10, 6, 18],[10, 1, 14, 11, 22, 19],       [10, 20],[10, 1, 14, 11, 22, 19, 21],[10, 1, 14, 11, 22],[10, 6, 18, 23],[10, 1, 14, 11, 24],[10, 1, 14, 11, 25],
    [11, 10, 1],[11, 10, 6, 18, 23, 2],[11, 25, 12, 3], [11, 10, 6, 4],[11, 25, 12, 5],    [11, 10, 6],[11, 22, 19, 17, 7], [11, 10, 6, 8],[11, 10, 6, 18, 23, 15, 9],       [11, 10],           [11],   [11, 25, 12],[11, 10, 6, 18, 23, 13],[11, 10, 1, 14],[11, 10, 6, 18, 23, 15],[11, 22, 19, 16],[11, 22, 19, 17],[11, 10, 6, 18],   [11, 22, 19],   [11, 25, 20],[11, 22, 19, 21],       [11, 22],[11, 10, 6, 18, 23],       [11, 24],       [11, 25],
[12, 14, 11, 10, 1],[12, 14, 11, 10, 6, 18, 23, 2],        [12, 3],[12, 14, 11, 10, 6, 4],        [12, 5],[12, 14, 11, 10, 6],        [12, 7],[12, 14, 11, 10, 6, 8],[12, 14, 11, 10, 6, 18, 23, 15, 9],[12, 14, 11, 10],   [12, 14, 11],           [12],[12, 14, 11, 10, 6, 18, 23, 13],       [12, 14],[12, 14, 11, 10, 6, 18, 23, 15],    [12, 5, 16],[12, 14, 11, 22, 19, 17],[12, 14, 11, 10, 6, 18],[12, 14, 11, 22, 19],[12, 14, 11, 25, 20],[12, 14, 11, 22, 19, 21],[12, 14, 11, 22],[12, 14, 11, 10, 6, 18, 23],[12, 14, 11, 24],[12, 14, 11, 25],
[13, 6, 18, 23, 14, 11, 10, 1],[13, 6, 18, 23, 2], [13, 5, 12, 3],     [13, 6, 4],        [13, 5],        [13, 6], [13, 5, 12, 7],     [13, 6, 8],[13, 6, 18, 23, 15, 9],[13, 6, 18, 23, 14, 11, 10],[13, 6, 18, 23, 14, 11],    [13, 5, 12],           [13],[13, 6, 18, 23, 14],[13, 6, 18, 23, 15],    [13, 5, 16],[13, 6, 18, 23, 14, 11, 22, 19, 17],    [13, 6, 18],[13, 6, 18, 23, 14, 11, 22, 19],[13, 6, 18, 23, 14, 11, 25, 20],[13, 6, 18, 23, 14, 11, 22, 19, 21],[13, 6, 18, 23, 14, 11, 22],[13, 6, 18, 23],[13, 6, 18, 23, 14, 11, 24],[13, 6, 18, 23, 14, 11, 25],
[14, 11, 10, 1],[14, 11, 10, 6, 18, 23, 2],    [14, 12, 3],[14, 11, 10, 6, 4],    [14, 12, 5],[14, 11, 10, 6],    [14, 12, 7],[14, 11, 10, 6, 8],[14, 11, 10, 6, 18, 23, 15, 9],   [14, 11, 10],       [14, 11],       [14, 12],[14, 11, 10, 6, 18, 23, 13],           [14],[14, 11, 10, 6, 18, 23, 15],[14, 11, 22, 19, 16],[14, 11, 22, 19, 17],[14, 11, 10, 6, 18],[14, 11, 22, 19],[14, 11, 25, 20],[14, 11, 22, 19, 21],   [14, 11, 22],[14, 11, 10, 6, 18, 23],   [14, 11, 24],   [14, 11, 25],
     [15, 9, 1],[15, 22, 19, 6, 18, 23, 2], [15, 5, 12, 3],[15, 22, 19, 6, 4],        [15, 5],[15, 22, 19, 6], [15, 5, 12, 7],[15, 22, 19, 6, 8],        [15, 9],[15, 9, 1, 14, 11, 10],[15, 9, 1, 14, 11],    [15, 5, 12],[15, 22, 19, 6, 18, 23, 13], [15, 9, 1, 14],           [15],    [15, 5, 16],[15, 22, 19, 17],[15, 22, 19, 6, 18],   [15, 22, 19],[15, 9, 1, 14, 11, 25, 20],[15, 22, 19, 21],       [15, 22],[15, 22, 19, 6, 18, 23],[15, 9, 1, 14, 11, 24],[15, 9, 1, 14, 11, 25],
        [16, 1],[16, 1, 14, 11, 10, 6, 18, 23, 2],        [16, 3],[16, 1, 14, 11, 10, 6, 4],    [16, 12, 5],[16, 1, 14, 11, 10, 6],    [16, 12, 7],[16, 1, 14, 11, 10, 6, 8],[16, 1, 14, 11, 10, 6, 18, 23, 15, 9],[16, 1, 14, 11, 10],[16, 1, 14, 11],       [16, 12],       [16, 13],    [16, 1, 14],[16, 1, 14, 11, 10, 6, 18, 23, 15],           [16],[16, 1, 14, 11, 22, 19, 17],[16, 1, 14, 11, 10, 6, 18],[16, 1, 14, 11, 22, 19],[16, 1, 14, 11, 25, 20],[16, 1, 14, 11, 22, 19, 21],[16, 1, 14, 11, 22],[16, 1, 14, 11, 10, 6, 18, 23],[16, 1, 14, 11, 24],[16, 1, 14, 11, 25],
[17, 6, 18, 23, 14, 11, 10, 1],[17, 6, 18, 23, 2],[17, 6, 18, 23, 2, 5, 12, 3],     [17, 6, 4],[17, 6, 18, 23, 2, 5],        [17, 6],        [17, 7],     [17, 6, 8],[17, 6, 18, 23, 15, 9],[17, 6, 18, 23, 14, 11, 10],[17, 6, 18, 23, 14, 11],[17, 6, 18, 23, 2, 5, 12],[17, 6, 18, 23, 13],[17, 6, 18, 23, 14],[17, 6, 18, 23, 15],[17, 6, 18, 23, 2, 5, 16],           [17],    [17, 6, 18],[17, 6, 18, 23, 14, 11, 22, 19],[17, 6, 18, 23, 14, 11, 25, 20],[17, 6, 18, 23, 14, 11, 22, 19, 21],[17, 6, 18, 23, 14, 11, 22],[17, 6, 18, 23],[17, 6, 18, 23, 14, 11, 24],[17, 6, 18, 23, 14, 11, 25],
[18, 23, 14, 11, 10, 1],    [18, 23, 2],[18, 23, 2, 5, 12, 3],    [18, 23, 4], [18, 23, 2, 5],[18, 23, 14, 11, 10, 6],[18, 23, 2, 5, 12, 7],[18, 23, 14, 11, 10, 6, 8],[18, 23, 15, 9],[18, 23, 14, 11, 10],[18, 23, 14, 11],[18, 23, 2, 5, 12],   [18, 23, 13],   [18, 23, 14],   [18, 23, 15],[18, 23, 2, 5, 16],[18, 23, 14, 11, 22, 19, 17],           [18],[18, 23, 14, 11, 22, 19],[18, 23, 14, 11, 25, 20],[18, 23, 14, 11, 22, 19, 21],[18, 23, 14, 11, 22],       [18, 23],[18, 23, 14, 11, 24],[18, 23, 14, 11, 25],
[19, 21, 22, 1],[19, 6, 18, 23, 2],    [19, 21, 3],     [19, 6, 4],[19, 6, 18, 23, 2, 5],        [19, 6],    [19, 17, 7],     [19, 6, 8],[19, 6, 18, 23, 15, 9],[19, 6, 18, 23, 14, 11, 10],[19, 6, 18, 23, 14, 11],[19, 6, 18, 23, 2, 5, 12],[19, 6, 18, 23, 13],[19, 6, 18, 23, 14],[19, 6, 18, 23, 15],       [19, 16],       [19, 17],    [19, 6, 18],           [19],[19, 6, 18, 23, 14, 11, 25, 20],       [19, 21],   [19, 21, 22],[19, 6, 18, 23],[19, 6, 18, 23, 14, 11, 24],[19, 6, 18, 23, 14, 11, 25],
    [20, 10, 1],[20, 10, 6, 18, 23, 2],        [20, 3], [20, 10, 6, 4],[20, 10, 1, 14, 12, 5],    [20, 10, 6],[20, 19, 17, 7], [20, 10, 6, 8],[20, 10, 6, 18, 23, 15, 9],       [20, 10],[20, 10, 1, 14, 11],[20, 10, 1, 14, 12],[20, 10, 6, 18, 23, 13],[20, 10, 1, 14],[20, 10, 6, 18, 23, 15],   [20, 19, 16],   [20, 19, 17],[20, 10, 6, 18],       [20, 19],           [20],   [20, 19, 21],[20, 10, 1, 14, 11, 22],[20, 10, 6, 18, 23],[20, 10, 1, 14, 11, 24],       [20, 25],
    [21, 22, 1],[21, 22, 19, 6, 18, 23, 2],        [21, 3],[21, 22, 19, 6, 4],     [21, 3, 5],[21, 22, 19, 6],[21, 22, 19, 17, 7],[21, 22, 19, 6, 8],[21, 22, 19, 6, 18, 23, 15, 9],[21, 22, 1, 14, 11, 10],[21, 22, 1, 14, 11],[21, 22, 1, 14, 12],[21, 22, 19, 6, 18, 23, 13],[21, 22, 1, 14],[21, 22, 19, 6, 18, 23, 15],[21, 22, 19, 16],[21, 22, 19, 17],[21, 22, 19, 6, 18],   [21, 22, 19],[21, 22, 1, 14, 11, 25, 20],           [21],       [21, 22],[21, 22, 19, 6, 18, 23],[21, 22, 1, 14, 11, 24],[21, 22, 1, 14, 11, 25],
        [22, 1],[22, 19, 6, 18, 23, 2],[22, 1, 14, 12, 3], [22, 19, 6, 4],[22, 1, 14, 12, 5],    [22, 19, 6],[22, 19, 17, 7], [22, 19, 6, 8],[22, 19, 6, 18, 23, 15, 9],[22, 1, 14, 11, 10],[22, 1, 14, 11],[22, 1, 14, 12],[22, 19, 6, 18, 23, 13],    [22, 1, 14],[22, 19, 6, 18, 23, 15],   [22, 19, 16],   [22, 19, 17],[22, 19, 6, 18],       [22, 19],[22, 1, 14, 11, 25, 20],   [22, 19, 21],           [22],[22, 19, 6, 18, 23],[22, 1, 14, 11, 24],[22, 1, 14, 11, 25],
[23, 14, 11, 10, 1],        [23, 2],[23, 2, 5, 12, 3],        [23, 4],     [23, 2, 5],[23, 14, 11, 10, 6],[23, 2, 5, 12, 7],[23, 14, 11, 10, 6, 8],    [23, 15, 9],[23, 14, 11, 10],   [23, 14, 11], [23, 2, 5, 12],       [23, 13],       [23, 14],       [23, 15], [23, 2, 5, 16],[23, 14, 11, 22, 19, 17],[23, 14, 11, 10, 6, 18],[23, 14, 11, 22, 19],[23, 14, 11, 25, 20],[23, 14, 11, 22, 19, 21],[23, 14, 11, 22],           [23],[23, 14, 11, 24],[23, 14, 11, 25],
[24, 2, 23, 14, 11, 10, 1],        [24, 2],[24, 2, 5, 12, 3], [24, 2, 23, 4],     [24, 2, 5],[24, 2, 23, 14, 11, 10, 6],[24, 2, 5, 12, 7],[24, 2, 23, 14, 11, 10, 6, 8],[24, 2, 23, 15, 9],[24, 2, 23, 14, 11, 10],[24, 2, 23, 14, 11], [24, 2, 5, 12],[24, 2, 23, 13],[24, 2, 23, 14],[24, 2, 23, 15], [24, 2, 5, 16],[24, 2, 23, 14, 11, 22, 19, 17],[24, 2, 23, 14, 11, 10, 6, 18],[24, 2, 23, 14, 11, 22, 19],[24, 2, 23, 14, 11, 25, 20],[24, 2, 23, 14, 11, 22, 19, 21],[24, 2, 23, 14, 11, 22],    [24, 2, 23],           [24],[24, 2, 23, 14, 11, 25],
        [25, 1],[25, 1, 14, 11, 10, 6, 18, 23, 2],    [25, 12, 3],[25, 1, 14, 11, 10, 6, 4],    [25, 12, 5],[25, 1, 14, 11, 10, 6],    [25, 12, 7],[25, 1, 14, 11, 10, 6, 8],[25, 1, 14, 11, 10, 6, 18, 23, 15, 9],[25, 1, 14, 11, 10],[25, 1, 14, 11],       [25, 12],[25, 1, 14, 11, 10, 6, 18, 23, 13],    [25, 1, 14],[25, 1, 14, 11, 10, 6, 18, 23, 15],[25, 1, 14, 11, 22, 19, 16],[25, 1, 14, 11, 22, 19, 17],[25, 1, 14, 11, 10, 6, 18],[25, 1, 14, 11, 22, 19],       [25, 20],[25, 1, 14, 11, 22, 19, 21],[25, 1, 14, 11, 22],[25, 1, 14, 11, 10, 6, 18, 23],[25, 1, 14, 11, 24],           [25],
Actual sneaky paths:
Elapsed Time: 2
-----------------------------------------------------------------------------
Minimum cars seen:
       0,       0,       0,       0,       0,       0,       0,       0,       0,       0,       0,       0,       0,      95,       0,       0,       0,       0,       0,       0,       0,       0,       0,       0,       0,
       0,       0,       0,       0,       0,       0,       0,       0,       0,       0,       0,       0,       0,       0,       0,       0,       0,       0,       0,       0,       0,       0,       0,       0,       0,
      97,       0,       0,       0,       0,       0,       0,       0,       0,       0,       0,       0,       0,      95,     476,       0,       0,       0,       0,       0,       0,       0,       0,       0,       0,
     182,       0,       0,       0,       0,       0,       0,       0,       0,       0,       0,       0,       0,      95,       0,       0,       0,       0,       0,       0,       0,       0,       0,       0,       0,
       0,       0,       0,       0,       0,       0,       0,       0,       0,       0,       0,       0,       0,       0,       0,     369,       0,       0,       0,       0,       0,       0,       0,       0,       0,
       0,       0,       0,       0,       0,       0,       0,     754,       0,       0,       0,       0,       0,       0,       0,       0,       0,       0,       0,       0,       0,       0,       0,       0,       0,
       0,       0,       0,       0,       0,       0,       0,       0,       0,       0,       0,       0,       0,     933,       0,       0,       0,       0,       0,       0,       0,       0,       0,       0,       0,
       0,       0,       0,       0,       0,       0,       0,       0,       0,       0,       0,       0,       0,       0,       0,       0,       0,       0,       0,       0,       0,       0,       0,       0,       0,
       0,       0,      95,       0,      90,       0,      95,       0,       0,       0,       0,      95,       0,       0,       0,       0,       0,       0,       0,       0,       0,       0,       0,       0,       0,
       0,       0,       0,       0,       0,      93,       0,      93,       0,       0,       0,       0,       0,       0,       0,       0,       0,       0,       0,     283,       0,       0,       0,       0,       0,
       0,       0,       0,       0,       0,       0,       0,       0,       0,       0,       0,       0,       0,       0,       0,       0,       0,       0,       0,       0,       0,       0,       0,     384,       0,
       0,       0,     189,       0,      90,       0,      96,       0,       0,       0,       0,       0,       0,     194,       0,      90,       0,       0,       0,       0,       0,       0,       0,       0,       0,
       0,       0,       0,       0,       4,      99,       0,      99,       0,       0,       0,       0,       0,       0,       0,       4,       0,       0,       0,       0,       0,       0,       0,       0,       0,
       0,       0,       0,       0,       0,       0,       0,       0,       0,       0,       0,       0,       0,       0,       0,       0,       0,       0,       0,       0,       0,       0,       0,       0,       0,
       0,       0,       0,       0,       0,       0,       0,       0,       0,       0,       0,       0,       0,       0,       0,       0,       0,       0,       0,       0,       0,       2,       0,       0,       0,
       0,       0,      92,       0,       0,       0,       0,       0,       0,       0,       0,       0,     185,       0,       0,       0,       0,       0,       0,       0,       0,       0,       0,       0,       0,
       0,       0,       0,       0,       0,     201,      97,     201,       0,       0,       0,       0,       0,       0,       0,       0,       0,       0,       0,       0,       0,       0,       0,       0,       0,
       0,       0,       0,       0,       0,       0,       0,       0,       0,       0,       0,       0,       0,       0,      96,       0,       0,       0,       0,       0,       0,       0,      96,       0,       0,
       0,       0,       0,       0,       0,      93,       0,      93,       0,       0,       0,       0,       0,       0,       0,     385,       0,       0,       0,       0,       0,       0,       0,       0,       0,
       0,       0,     278,       0,       0,       0,       0,       0,       0,       0,       0,       0,       0,       0,       0,       0,       0,       0,       0,       0,       0,       0,       0,       0,      94,
       0,       0,     284,       0,       0,       0,       0,       0,       0,       0,       0,       0,       0,       0,       0,       0,       0,       0,       0,       0,       0,      99,       0,       0,       0,
       0,       0,       0,       0,       0,       0,       0,       0,       0,       0,       0,       0,       0,       0,       0,       0,       0,       0,       0,       0,       0,       0,       0,       0,       0,
       0,       0,       0,       0,       0,       0,       0,       0,       0,       0,       0,       0,       0,       0,      96,       0,       0,       0,       0,       0,       0,       0,       0,       0,       0,
       0,       0,       0,       0,       0,       0,       0,       0,       0,       0,       0,       0,       0,       0,       0,       0,       0,       0,       0,       0,       0,       0,       0,       0,       0,
       0,       0,      92,       0,      90,       0,      92,       0,       0,       0,       0,      92,       0,       0,       0,       0,       0,       0,       0,     282,       0,       0,       0,       0,       0,

Minimum cars seen:
Elapsed Time: 3
-----------------------------------------------------------------------------
Maximum cars seen:
       0,      96,     189,      95,      95,      95,      96,     754,      96,      95,      95,      95,      96,      95,      96,     385,      95,      95,      95,     282,      95,      95,      96,     384,      95,
       0,       0,     189,       0,       0,      93,      96,     754,      96,       0,       0,       0,       0,       0,      96,     369,       0,      93,       0,     282,       0,       0,       0,     384,       0,
      97,      97,       0,      97,       0,      97,      96,     754,     476,      97,      97,       0,      97,      97,     476,     369,      97,      97,      97,     282,      97,      97,      97,     384,      97,
     182,     182,     189,       0,     182,     182,     182,     754,     182,     182,     182,     182,     182,     182,     182,     385,     182,     182,     182,     282,     182,     182,     182,     384,     182,
     194,     194,     189,     194,       0,     194,      96,     754,     194,     194,     194,       0,     194,     194,     194,     369,     194,     194,     194,     282,     194,     194,     194,     384,     194,
      96,      96,     189,       0,      96,       0,      96,     754,      96,      96,      96,      96,      96,      96,      96,     369,      96,       0,      96,     282,      96,      96,      96,     384,      96,
     933,     933,     933,     933,     933,     933,       0,     933,     933,     933,     933,     933,     933,     933,     933,     933,     933,     933,     933,     933,     933,     933,     933,     933,     933,
       0,       0,       0,       0,       0,      93,      96,       0,      96,       0,       0,       0,       0,       0,      96,     369,       0,       0,       0,     282,       0,       0,       0,     384,       0,
       0,      96,     189,      95,      95,      95,      96,     754,       0,      95,      95,      95,      96,      95,      96,     385,      95,      95,      95,     282,      95,      95,      96,     384,      95,
       0,      96,     189,      93,      95,      93,      96,     754,      96,       0,      95,      95,      96,      95,      96,     385,      95,      93,      95,     283,      95,      95,      96,     384,      95,
       0,      96,     189,      93,      92,      93,      97,     754,      96,       0,       0,      92,      96,      95,      96,     385,       0,      93,       0,     282,       0,       0,      96,     384,       0,
     194,     194,     189,     194,      90,     194,      96,     754,     194,     194,     194,       0,     194,     194,     194,     369,     194,     194,     194,     282,     194,     194,     194,     384,     194,
      99,      99,     189,      99,       4,      99,      96,     754,      99,      99,      99,       4,       0,      99,      99,     369,      99,      99,      99,     282,      99,      99,      99,     384,      99,
       0,      96,     189,      93,      90,      93,      96,     754,      96,       0,       0,       0,      96,       0,      96,     385,       0,      93,       0,     282,       0,       0,      96,     384,       0,
       0,      96,     189,      93,       0,      93,      96,     754,       0,      95,      95,       0,      96,      95,       0,     369,       2,      93,       2,     282,       2,       2,      96,     384,      95,
       0,      96,      92,      95,      90,      95,      96,     754,      96,      95,      95,       0,     185,      95,      96,       0,      95,      95,      95,     282,      95,      95,      96,     384,      95,
     201,     201,     201,     201,     201,     201,      97,     754,     201,     201,     201,     201,     201,     201,     201,     369,       0,     201,     201,     282,     201,     201,     201,     384,     201,
      96,      96,     189,      96,      96,      96,      96,     754,      96,      96,      96,      96,      96,      96,      96,     369,      96,       0,      96,     282,      96,      96,      96,     384,      96,
      99,      96,     284,      93,      96,      93,      97,     754,      96,      96,      96,      96,      96,      96,      96,     385,       0,      93,       0,     282,       0,      99,      96,     384,      96,
       0,      96,     278,      93,      95,      93,      97,     754,      96,       0,      95,      95,      96,      95,      96,     385,       0,      93,       0,       0,       0,      95,      96,     384,      94,
      99,      99,     284,      99,     284,      99,      99,     754,      99,      99,      99,      99,      99,      99,      99,     385,      99,      99,      99,     282,       0,      99,      99,     384,      99,
       0,      96,     189,      93,      95,      93,      97,     754,      96,      95,      95,      95,      96,      95,      96,     385,       0,      93,       0,     282,       0,       0,      96,     384,      95,
       0,       0,     189,       0,       0,      93,      96,     754,      96,       0,       0,       0,       0,       0,      96,     369,       0,      93,       0,     282,       0,       0,       0,     384,       0,
       0,       0,     189,       0,       0,      93,      96,     754,      96,       0,       0,       0,       0,       0,      96,     369,       0,      93,       0,     282,       0,       0,       0,       0,       0,
       0,      96,     189,      95,      92,      95,      96,     754,      96,      95,      95,      92,      96,      95,      96,     385,      95,      95,      95,     282,      95,      95,      96,     384,       0,

Maximum cars seen:
Elapsed Time: 3
-----------------------------------------------------------------------------
Average cars seen:
       0,    40.6,    94.7,    37.6,    61.7,    47.0,    63.7,   188.4,    47.5,    31.7,    47.5,    47.5,    40.6,    95.0,    54.3,    96.0,    19.0,    37.6,    23.8,    94.3,    19.0,    31.7,    47.3,   159.7,    31.7,
     0.0,       0,    63.0,     0.0,     0.0,    18.6,    32.0,   141.2,    32.0,     0.0,     0.0,     0.0,     0.0,     0.0,    48.0,   184.5,     0.0,    15.5,     0.0,    56.4,     0.0,     0.0,     0.0,    96.0,     0.0,
    97.0,    47.6,       0,    47.5,     0.0,    57.0,    32.0,   173.2,   238.0,    48.0,    64.0,     0.0,    47.6,    96.0,   476.0,   184.5,    32.0,    47.5,    38.4,    94.8,    32.0,    48.0,    54.4,   144.0,    48.0,
   182.0,    58.3,   116.5,       0,    91.8,    74.0,    93.3,   187.3,    62.4,    69.3,    92.3,    92.3,    58.3,   138.5,    70.3,   110.3,    46.2,    61.7,    55.4,   111.8,    46.2,    69.3,    66.6,   165.3,    69.3,
    38.8,    47.9,    94.5,    47.8,       0,    57.4,    48.0,   173.5,    53.2,    48.5,    64.7,     0.0,    47.9,    97.0,    59.9,   369.0,    32.3,    47.8,    38.8,    95.2,    32.3,    48.5,    54.7,   144.5,    48.5,
    16.0,    32.0,    47.5,     0.0,    24.0,       0,    32.0,   754.0,    48.0,    19.2,    24.0,    19.2,    32.0,    32.0,    64.0,    93.0,    13.7,     0.0,    16.0,    63.0,    13.7,    19.2,    48.0,    96.0,    19.2,
   233.3,   160.3,   374.0,   205.2,   341.0,   256.5,       0,   356.0,   152.3,   311.0,   466.5,   466.5,   160.3,   933.0,   174.0,   263.6,   186.6,   205.2,   233.3,   303.8,   186.6,   311.0,   187.0,   439.0,   311.0,
     0.0,     0.0,     0.0,     0.0,     0.0,    18.6,    24.0,       0,    32.0,     0.0,     0.0,     0.0,     0.0,     0.0,    48.0,   123.0,     0.0,     0.0,     0.0,    56.4,     0.0,     0.0,     0.0,    96.0,     0.0,
     0.0,    35.5,   142.0,    31.3,    92.5,    37.6,    95.5,   157.0,       0,    23.8,    31.7,    95.0,    35.5,    47.5,    47.5,    80.0,    15.8,    31.3,    19.0,    75.4,    15.8,    23.8,    40.6,   119.8,    23.8,
     0.0,    47.3,    71.0,    46.5,    46.3,    93.0,    47.8,   423.5,    57.0,       0,    31.7,    31.7,    47.3,    47.5,    71.3,    80.0,    15.8,    46.5,    19.0,   283.0,    15.8,    23.8,    63.0,   119.8,    23.8,
     0.0,    37.8,    93.7,    31.0,    60.7,    46.5,    24.3,   282.3,    47.5,     0.0,       0,    46.0,    37.8,    31.7,    57.0,   128.3,     0.0,    31.0,     0.0,   141.0,     0.0,     0.0,    47.3,   384.0,     0.0,
    48.5,    54.7,   189.0,    57.4,    90.0,    71.8,    96.0,   208.2,    59.9,    64.7,    97.0,       0,    54.7,   194.0,    68.4,   229.5,    38.8,    57.4,    48.5,   119.0,    38.8,    64.7,    63.8,   192.7,    64.7,
    27.9,    48.8,    64.3,    49.5,     4.0,    99.0,    33.3,   426.5,    58.2,    32.5,    39.0,     2.0,       0,    48.8,    72.8,   186.5,    24.4,    49.5,    27.9,    68.1,    24.4,    32.5,    65.0,    96.5,    32.5,
     0.0,    31.5,    94.5,    23.3,    45.0,    31.0,    48.0,   211.8,    40.7,     0.0,     0.0,     0.0,    31.5,       0,    47.5,    96.3,     0.0,    23.3,     0.0,    94.0,     0.0,     0.0,    37.8,   192.0,     0.0,
     0.0,    31.8,    63.0,    23.8,     0.0,    31.7,    32.0,   212.3,     0.0,    19.0,    23.8,     0.0,    31.8,    31.7,       0,   184.5,     0.7,    23.8,     1.0,    62.8,     0.7,     2.0,    38.2,    95.8,    19.0,
     0.0,    35.5,    92.0,    31.3,    45.0,    37.6,    48.0,   157.0,    42.2,    23.8,    31.7,     0.0,   185.0,    47.5,    47.5,       0,    15.8,    31.3,    19.0,    75.4,    15.8,    23.8,    40.6,   119.8,    23.8,
    42.4,    74.3,    69.4,   100.5,    59.4,   201.0,    97.0,   477.5,    78.6,    49.5,    59.4,    49.5,    74.3,    74.3,    98.3,   111.0,       0,   100.5,    42.4,    82.7,    37.1,    49.5,    99.0,   113.5,    49.5,
    19.2,    48.0,    57.0,    48.0,    32.0,    37.8,    38.4,   157.2,    64.0,    24.0,    32.0,    24.0,    48.0,    48.0,    96.0,   116.3,    16.0,       0,    19.2,    75.6,    16.0,    24.0,    96.0,   120.0,    24.0,
    33.0,    47.3,   142.0,    46.5,    37.8,    93.0,    48.5,   423.5,    57.0,    31.5,    37.8,    31.5,    47.3,    47.3,    71.3,   385.0,     0.0,    46.5,       0,    67.3,     0.0,    49.5,    63.0,    95.5,    31.5,
     0.0,    37.8,   278.0,    31.0,    37.0,    46.5,    32.3,   282.3,    47.5,     0.0,    23.8,    23.8,    37.8,    31.7,    57.0,   192.5,     0.0,    31.0,     0.0,       0,     0.0,    19.0,    47.3,    95.8,    94.0,
    49.5,    48.0,   284.0,    48.0,   142.0,    64.0,    49.0,   236.5,    54.9,    38.8,    48.5,    48.5,    48.0,    64.7,    64.0,   161.3,    33.0,    48.0,    49.5,    79.3,       0,    99.0,    57.6,   115.6,    38.8,
     0.0,    37.8,    71.0,    31.0,    46.3,    46.5,    32.3,   282.3,    47.5,    23.8,    31.7,    31.7,    37.8,    47.5,    57.0,   192.5,     0.0,    31.0,     0.0,    75.4,     0.0,       0,    47.3,   119.8,    23.8,
     0.0,     0.0,    47.3,     0.0,     0.0,    23.3,    24.0,   169.4,    48.0,     0.0,     0.0,     0.0,     0.0,     0.0,    96.0,   123.0,     0.0,    18.6,     0.0,    70.5,     0.0,     0.0,       0,   128.0,     0.0,
     0.0,     0.0,    47.3,     0.0,     0.0,    15.5,    24.0,   121.0,    24.0,     0.0,     0.0,     0.0,     0.0,     0.0,    32.0,   123.0,     0.0,    13.3,     0.0,    47.0,     0.0,     0.0,     0.0,       0,     0.0,
     0.0,    35.5,   140.5,    31.3,    91.0,    37.6,    94.0,   157.0,    42.2,    23.8,    31.7,    92.0,    35.5,    47.5,    47.5,    80.0,    15.8,    31.3,    19.0,   282.0,    15.8,    23.8,    40.6,   119.8,       0,

Average cars seen:
Elapsed Time: 3
-----------------------------------------------------------------------------
Specified Shortest Path: 4,9
[4, 20, 3, 9]
Min path cost: 5
Max path cost: 93
Avg path cost: 63.0
-----------------------------------------------------------------------------
Specified Sneaky Path: 4,9
[4, 1, 14, 11, 10, 6, 18, 23, 15, 9]
Min path cost: 0
Max path cost: 182
Avg path cost: 62.44444444444444
-----------------------------------------------------------------------------
Total Running time: 29
-----------------------------------------------------------------------------
-----------------------------------------------------------------------------
