-----------------------------------------------------------------------------
Hank Fridell
-----------------------------------------------------------------------------
Parsing file: CS404FS16SneakyPathInputN10c.txt
Elapsed Time: PT0.003S
-----------------------------------------------------------------------------
Original:
       0,      NA,      NA,      92,      NA,      10,      90,      NA,      92,      90,
      91,       0,      98,      NA,      90,      98,      NA,      93,      91,      94,
      91,      93,       0,       4,      92,      99,      NA,      NA,      NA,      NA,
      92,      94,       9,       0,      97,      NA,       7,      97,      94,      90,
      NA,      95,      NA,      NA,       0,      NA,      96,      92,      NA,      NA,
      92,      94,      NA,      NA,      NA,       0,      NA,      91,      NA,      NA,
      NA,      94,      95,      NA,      NA,      NA,       0,      NA,      NA,      98,
      97,      90,      99,      91,      98,      NA,      NA,       0,      93,      91,
      98,      90,       2,      93,      NA,      90,      97,       3,       0,      98,
      NA,      97,      NA,       4,      NA,      96,      NA,      94,      NA,       0,
Original:
Elapsed Time: PT0S
-----------------------------------------------------------------------------
All pairs shortest paths:
       0,     104,      94,      92,     186,      10,      90,      95,      92,      90,
      91,       0,      93,      97,      90,      98,     104,      93,      91,      94,
      91,      93,       0,       4,      92,      99,      11,     101,      98,      94,
      92,      94,       9,       0,      97,     102,       7,      97,      94,      90,
     186,      95,     187,     183,       0,     193,      96,      92,     185,     183,
      92,      94,     186,     182,     184,       0,     182,      91,     184,     182,
     185,      94,      95,      99,     184,     192,       0,     187,     185,      98,
      97,      90,      95,      91,      98,     107,      98,       0,      93,      91,
      93,      90,       2,       6,      94,      90,      13,       3,       0,      94,
      96,      97,      13,       4,     101,      96,      11,      94,      98,       0,
All pairs shortest paths:
Elapsed Time: PT0S
-----------------------------------------------------------------------------
Actual shortest paths:
            [1],      [1, 6, 2],      [1, 9, 3],         [1, 4],   [1, 9, 3, 5],         [1, 6],         [1, 7],      [1, 9, 8],         [1, 9],        [1, 10],
         [2, 1],            [2],      [2, 9, 3],   [2, 9, 3, 4],         [2, 5],         [2, 6],[2, 9, 3, 4, 7],         [2, 8],         [2, 9],        [2, 10],
         [3, 1],         [3, 2],            [3],         [3, 4],         [3, 5],         [3, 6],      [3, 4, 7],      [3, 4, 8],      [3, 4, 9],     [3, 4, 10],
         [4, 1],         [4, 2],         [4, 3],            [4],         [4, 5],      [4, 1, 6],         [4, 7],         [4, 8],         [4, 9],        [4, 10],
      [5, 2, 1],         [5, 2],   [5, 8, 9, 3],      [5, 8, 4],            [5],      [5, 2, 6],         [5, 7],         [5, 8],      [5, 8, 9],     [5, 8, 10],
         [6, 1],         [6, 2],   [6, 1, 9, 3],      [6, 8, 4],      [6, 2, 5],            [6],      [6, 1, 7],         [6, 8],      [6, 1, 9],     [6, 1, 10],
      [7, 2, 1],         [7, 2],         [7, 3],      [7, 3, 4],      [7, 2, 5],      [7, 2, 6],            [7],      [7, 2, 8],      [7, 2, 9],        [7, 10],
         [8, 1],         [8, 2],      [8, 9, 3],         [8, 4],         [8, 5],      [8, 1, 6],      [8, 4, 7],            [8],         [8, 9],        [8, 10],
      [9, 3, 1],         [9, 2],         [9, 3],      [9, 3, 4],      [9, 3, 5],         [9, 6],   [9, 3, 4, 7],         [9, 8],            [9],     [9, 8, 10],
     [10, 4, 1],        [10, 2],     [10, 4, 3],        [10, 4],     [10, 4, 5],        [10, 6],     [10, 4, 7],        [10, 8],     [10, 4, 9],           [10],
Actual shortest paths:
Elapsed Time: PT0.002S
-----------------------------------------------------------------------------
Original flow Matrix:
       0,       0,       4,       0,       2,       9,       7,       3,      10,      10,
       9,       0,       9,       4,       1,       9,       0,       2,       3,       6,
       6,      96,       0,      90,       1,       8,       6,       3,       8,       3,
       9,       1,       9,       0,       8,       0,       1,       5,       3,       0,
       1,       5,       2,       9,       0,       5,       4,      10,      94,       6,
       9,      99,       3,       1,       1,       0,       6,       0,      10,       5,
       4,       7,      90,       0,       5,       8,       0,       0,       6,       0,
       6,       1,       4,       0,       7,       8,       4,       0,       2,       3,
       0,       0,       7,       4,       9,       4,       6,       5,       0,       2,
      99,       0,       4,       2,      93,      10,       3,       1,       3,       0,
Original flow Matrix:
Elapsed Time: PT0.001S
-----------------------------------------------------------------------------
Edge Traffic:
       0,      NA,      NA,       0,      NA,      17,      13,      NA,      32,      15,
      14,       0,       0,      NA,       7,      22,      NA,       2,      22,       6,
       6,      96,       0,     124,      12,       8,      NA,      NA,      NA,      NA,
     108,       1,      13,       0,     101,      NA,      20,       8,      14,       3,
      NA,      11,      NA,      NA,       0,      NA,       4,     121,      NA,      NA,
      33,     100,      NA,      NA,      NA,       0,      NA,       1,      NA,      NA,
      NA,      30,      90,      NA,      NA,      NA,       0,      NA,      NA,       0,
      14,       1,       0,      14,       7,      NA,      NA,       0,     102,      11,
       0,       0,      54,       0,      NA,       4,       0,      10,       0,       0,
      NA,       0,      NA,     204,      NA,      10,      NA,       1,      NA,       0,

Edge Traffic:
Elapsed Time: PT0.001S
-----------------------------------------------------------------------------
All pairs sneaky paths:
       0,       1,       1,       0,       8,       9,      12,       3,      14,       3,
       6,       0,       0,       6,       7,       8,      11,       2,      20,       6,
       6,       7,       0,       6,      12,       8,      16,       9,      20,       9,
       7,       1,       1,       0,       8,       9,      12,       3,      14,       3,
      10,       4,       4,      10,       0,      12,       4,       5,      24,       4,
       7,       2,       1,       7,       8,       0,      12,       1,      21,       8,
       6,       0,       0,       6,       7,       8,       0,       1,      20,       0,
       6,       1,       0,       6,       7,       8,      11,       0,      20,       7,
       0,       0,       0,       0,       7,       4,       0,       1,       0,       0,
       6,       0,       0,       6,       7,       8,      11,       1,      20,       0,
All pairs sneaky paths:
Elapsed Time: PT0.001S
-----------------------------------------------------------------------------
Actual sneaky paths:
            [1],      [1, 4, 2],   [1, 4, 2, 3],         [1, 4],   [1, 4, 2, 5],[1, 4, 2, 3, 6],[1, 4, 2, 5, 7],   [1, 4, 2, 8],      [1, 4, 9],     [1, 4, 10],
      [2, 3, 1],            [2],         [2, 3],   [2, 3, 1, 4],         [2, 5],      [2, 3, 6],      [2, 5, 7],         [2, 8],[2, 3, 1, 4, 9],        [2, 10],
         [3, 1],   [3, 1, 4, 2],            [3],      [3, 1, 4],         [3, 5],         [3, 6],      [3, 5, 7],[3, 1, 4, 2, 8],   [3, 1, 4, 9],  [3, 1, 4, 10],
   [4, 2, 3, 1],         [4, 2],      [4, 2, 3],            [4],      [4, 2, 5],   [4, 2, 3, 6],   [4, 2, 5, 7],      [4, 2, 8],         [4, 9],        [4, 10],
[5, 7, 10, 2, 3, 1],  [5, 7, 10, 2],[5, 7, 10, 2, 3],[5, 7, 10, 2, 3, 1, 4],            [5],[5, 7, 10, 2, 3, 6],         [5, 7],  [5, 7, 10, 8],[5, 7, 10, 2, 3, 1, 4, 9],     [5, 7, 10],
   [6, 8, 3, 1],      [6, 8, 2],      [6, 8, 3],[6, 8, 3, 1, 4],      [6, 8, 5],            [6],   [6, 8, 5, 7],         [6, 8],[6, 8, 3, 1, 4, 9],  [6, 8, 2, 10],
[7, 10, 2, 3, 1],     [7, 10, 2],  [7, 10, 2, 3],[7, 10, 2, 3, 1, 4],  [7, 10, 2, 5],[7, 10, 2, 3, 6],            [7],     [7, 10, 8],[7, 10, 2, 3, 1, 4, 9],        [7, 10],
      [8, 3, 1],         [8, 2],         [8, 3],   [8, 3, 1, 4],         [8, 5],      [8, 3, 6],      [8, 5, 7],            [8],[8, 3, 1, 4, 9],     [8, 2, 10],
         [9, 1],         [9, 2],      [9, 2, 3],         [9, 4],      [9, 2, 5],         [9, 6],         [9, 7],     [9, 10, 8],            [9],        [9, 10],
  [10, 2, 3, 1],        [10, 2],     [10, 2, 3],[10, 2, 3, 1, 4],     [10, 2, 5],  [10, 2, 3, 6],  [10, 2, 5, 7],        [10, 8],[10, 2, 3, 1, 4, 9],           [10],
Actual sneaky paths:
Elapsed Time: PT0.001S
-----------------------------------------------------------------------------
Minimum cars seen:
       0,       0,       0,       0,       0,       0,       0,       0,       0,       0,
       0,       0,       0,       0,       7,       0,       4,       2,       0,       6,
       6,       0,       0,       0,      12,       8,       4,       0,       0,       0,
       0,       1,       0,       0,       1,       0,       1,       1,      14,       3,
       0,       0,       0,       0,       0,       0,       4,       0,       0,       0,
       0,       1,       0,       0,       1,       0,       1,       1,       0,       1,
       0,       0,       0,       0,       0,       0,       0,       0,       0,       0,
       0,       1,       0,       0,       7,       0,       4,       0,       0,       1,
       0,       0,       0,       0,       0,       4,       0,       0,       0,       0,
       0,       0,       0,       0,       0,       0,       0,       1,       0,       0,

Minimum cars seen:
Elapsed Time: PT0.002S
-----------------------------------------------------------------------------
Maximum cars seen:
       0,       1,       1,       0,       7,       8,       7,       2,      14,       3,
       6,       0,       0,       6,       7,       8,       7,       2,      14,       6,
       6,       6,       0,       6,      12,       8,      12,       6,      14,       6,
       6,       1,       1,       0,       7,       8,       7,       2,      14,       3,
       6,       4,       4,       6,       0,       8,       4,       4,      14,       4,
       6,       1,       1,       6,       7,       0,       7,       1,      14,       6,
       6,       0,       0,       6,       7,       8,       0,       1,      14,       0,
       6,       1,       0,       6,       7,       8,       7,       0,      14,       6,
       0,       0,       0,       0,       7,       4,       0,       1,       0,       0,
       6,       0,       0,       6,       7,       8,       7,       1,      14,       0,

Maximum cars seen:
Elapsed Time: PT0.003S
-----------------------------------------------------------------------------
Average cars seen:
       0,     0.5,     0.3,     0.0,     2.7,     2.3,     3.0,     1.0,     7.0,     1.5,
     3.0,       0,     0.0,     2.0,     7.0,     4.0,     5.5,     2.0,     5.0,     6.0,
     6.0,     2.3,       0,     3.0,    12.0,     8.0,     8.0,     2.3,     6.7,     3.0,
     2.3,     1.0,     0.5,       0,     4.0,     3.0,     4.0,     1.5,    14.0,     3.0,
     2.0,     1.3,     1.0,     1.7,       0,     2.4,     4.0,     1.7,     3.4,     2.0,
     2.3,     1.0,     0.5,     1.8,     4.0,       0,     4.0,     1.0,     4.2,     2.7,
     1.5,     0.0,     0.0,     1.2,     2.3,     2.0,       0,     0.5,     3.3,     0.0,
     3.0,     1.0,     0.0,     2.0,     7.0,     4.0,     5.5,       0,     5.0,     3.5,
     0.0,     0.0,     0.0,     0.0,     3.5,     4.0,     0.0,     0.5,       0,     0.0,
     2.0,     0.0,     0.0,     1.5,     3.5,     2.7,     3.7,     1.0,     4.0,       0,

Average cars seen:
Elapsed Time: PT0.002S
-----------------------------------------------------------------------------
Specified Shortest Path: 5,9
[5, 8, 9]
Min path cost: 92
Max path cost: 93
Avg path cost: 92.5
-----------------------------------------------------------------------------
Specified Sneaky Path: 5,9
[5, 7, 10, 2, 3, 1, 4, 9]
Min path cost: 0
Max path cost: 14
Avg path cost: 3.4285714285714284
-----------------------------------------------------------------------------
Total Running time: PT0.019S
-----------------------------------------------------------------------------
-----------------------------------------------------------------------------
